[6, 9, 1, 18, 15, 1, 12, 10, 1, 14, 2, 1, 5, 16, 1, 8, 12, 1, 7, 10, 0, -1000, -1000, -1000, -1000, -1000, -1000, -1000, -1000, -1000, -1000, -1000, -1000, -1000, -1000, -1000]
[9, 9, 2, 18, 15, 1, 12, 10, 1, 14, 3, 2, 3, 15, 1, 7, 12, 1, 7, 15, 0, 11, 7, 0, -1000, -1000, -1000, -1000, -1000, -1000, -1000, -1000, -1000, -1000, -1000, -1000]
[6, 9, 1, 18, 15, 2, 12, 10, 1, 14, 3, 1, 2, 18, 1, 7, 12, 1, 7, 11, 0, 15, 14, 1, -1000, -1000, -1000, -1000, -1000, -1000, -1000, -1000, -1000, -1000, -1000, -1000]
[6, 9, 1, 18, 15, 2, 12, 10, 1, 15, 3, 3, 4, 16, 1, 7, 12, 1, 7, 11, 0, 19, 19, 0, 17, 8, 0, -1000, -1000, -1000, -1000, -1000, -1000, -1000, -1000, -1000]
[3, 8, 1, 18, 16, 1, 15, 11, 1, 15, 1, 2, 5, 17, 3, 9, 12, 1, 11, 10, 0, 17, 0, 0, 3, 19, 1, -1000, -1000, -1000, -1000, -1000, -1000, -1000, -1000, -1000]
[9, 7, 2, 18, 16, 1, 13, 12, 1, 13, 3, 3, 3, 15, 2, 8, 14, 2, 15, 13, 0, 6, 10, 1, 19, 8, 1, -1000, -1000, -1000, -1000, -1000, -1000, -1000, -1000, -1000]
[9, 9, 3, 19, 15, 2, 12, 11, 1, 14, 3, 4, 2, 18, 1, 7, 12, 1, 10, 11, 0, 18, 13, 1, 12, 7, 0, 18, 6, 0, -1000, -1000, -1000, -1000, -1000, -1000]
[7, 7, 4, 18, 15, 1, 13, 12, 1, 13, 1, 3, 4, 15, 2, 8, 14, 2, 15, 13, 0, 6, 13, 1, 19, 1, 1, 10, 1, 0, -1000, -1000, -1000, -1000, -1000, -1000]
[6, 9, 1, 18, 15, 2, 12, 10, 4, 15, 3, 3, 2, 18, 1, 8, 12, 1, 7, 11, 0, 14, 19, 1, 17, 1, 1, 15, 16, 1, -1000, -1000, -1000, -1000, -1000, -1000]
[6, 9, 4, 19, 15, 5, 14, 11, 1, 15, 3, 3, 5, 15, 2, 9, 12, 2, 15, 13, 0, 6, 16, 1, 18, 3, 1, 6, 11, 0, 16, 16, 1, -1000, -1000, -1000]
[6, 9, 4, 19, 15, 5, 13, 11, 1, 15, 3, 3, 4, 15, 2, 9, 14, 2, 15, 13, 0, 6, 16, 1, 18, 3, 1, 6, 11, 1, 16, 17, 1, -1000, -1000, -1000]
[8, 9, 4, 19, 16, 2, 15, 9, 5, 15, 3, 3, 2, 16, 4, 8, 12, 1, 10, 17, 1, 19, 12, 1, 12, 1, 1, 4, 12, 1, 17, 12, 1, -1000, -1000, -1000]
[9, 9, 1, 19, 15, 2, 15, 11, 5, 15, 3, 4, 4, 16, 3, 8, 14, 6, 11, 9, 0, 19, 13, 0, 11, 17, 1, 16, 6, 1, 17, 10, 1, 11, 13, 1]
[8, 9, 4, 18, 15, 2, 15, 10, 5, 15, 3, 3, 2, 16, 6, 8, 12, 1, 15, 17, 1, 15, 18, 1, 18, 3, 1, 4, 12, 0, 17, 12, 1, 0, 13, 1]
[7, 7, 4, 19, 15, 5, 14, 9, 6, 15, 1, 3, 4, 15, 1, 8, 13, 2, 13, 17, 1, 6, 13, 1, 18, 0, 1, 6, 11, 1, 16, 16, 1, 10, 12, 1]
[7, 5, 1, 19, 15, 1, 15, 10, 1, 14, 3, 1, 4, 16, 1, 8, 12, 1, 12, 7, 0, -1000, -1000, -1000, -1000, -1000, -1000, -1000, -1000, -1000, -1000, -1000, -1000, -1000, -1000, -1000]
[7, 5, 1, 19, 15, 2, 14, 10, 1, 13, 3, 1, 4, 17, 1, 9, 12, 1, 12, 7, 0, 17, 15, 0, -1000, -1000, -1000, -1000, -1000, -1000, -1000, -1000, -1000, -1000, -1000, -1000]
[6, 5, 1, 19, 15, 1, 14, 11, 1, 13, 2, 2, 3, 17, 1, 9, 12, 1, 8, 11, 1, 11, 0, 0, -1000, -1000, -1000, -1000, -1000, -1000, -1000, -1000, -1000, -1000, -1000, -1000]
[9, 4, 1, 19, 15, 2, 14, 8, 2, 13, 2, 1, 3, 16, 1, 9, 14, 1, 6, 11, 1, 17, 9, 1, -1000, -1000, -1000, -1000, -1000, -1000, -1000, -1000, -1000, -1000, -1000, -1000]
[9, 7, 3, 19, 15, 1, 16, 10, 2, 14, 3, 3, 4, 17, 1, 9, 14, 2, 15, 17, 0, 12, 16, 1, 11, 7, 0, -1000, -1000, -1000, -1000, -1000, -1000, -1000, -1000, -1000]
[4, 8, 1, 19, 15, 1, 13, 11, 2, 14, 2, 3, 5, 16, 1, 9, 14, 1, 6, 15, 1, 11, 10, 0, 11, 6, 1, -1000, -1000, -1000, -1000, -1000, -1000, -1000, -1000, -1000]
[4, 9, 4, 19, 16, 2, 12, 9, 4, 15, 2, 3, 5, 16, 1, 7, 12, 1, 6, 13, 0, 19, 8, 1, 15, 0, 0, 12, 7, 0, -1000, -1000, -1000, -1000, -1000, -1000]
[6, 9, 1, 19, 16, 3, 14, 9, 2, 13, 2, 1, 4, 17, 2, 7, 13, 1, 5, 10, 1, 9, 17, 1, 18, 17, 1, -1000, -1000, -1000, -1000, -1000, -1000, -1000, -1000, -1000]
[5, 4, 4, 18, 15, 1, 15, 10, 2, 15, 2, 2, 2, 17, 3, 9, 14, 1, 18, 17, 1, 15, 7, 0, 2, 13, 1, 1, 7, 0, -1000, -1000, -1000, -1000, -1000, -1000]
[4, 8, 1, 19, 15, 4, 13, 11, 2, 15, 2, 3, 4, 17, 1, 7, 14, 1, 6, 15, 1, 11, 8, 1, 15, 0, 1, 18, 4, 0, -1000, -1000, -1000, -1000, -1000, -1000]
[6, 9, 1, 19, 15, 2, 13, 11, 2, 14, 2, 3, 4, 17, 1, 7, 14, 4, 6, 15, 1, 11, 16, 1, 11, 5, 1, 6, 10, 1, -1000, -1000, -1000, -1000, -1000, -1000]
[8, 3, 1, 18, 16, 4, 16, 10, 3, 13, 1, 2, 5, 17, 5, 7, 13, 1, 12, 4, 0, 10, 0, 1, 18, 11, 0, 12, 18, 1, 4, 19, 1, -1000, -1000, -1000]
[6, 7, 2, 18, 16, 1, 13, 12, 3, 14, 3, 2, 5, 16, 5, 7, 12, 4, 19, 17, 1, 13, 4, 1, 14, 19, 1, 3, 12, 0, 0, 14, 1, -1000, -1000, -1000]
[6, 7, 2, 18, 16, 1, 13, 12, 3, 14, 3, 2, 5, 16, 5, 8, 14, 4, 19, 17, 1, 13, 4, 1, 14, 19, 1, 10, 15, 1, 0, 15, 1, -1000, -1000, -1000]
[6, 9, 1, 19, 16, 2, 13, 9, 3, 14, 1, 6, 2, 16, 4, 7, 14, 5, 6, 10, 1, 12, 16, 0, 11, 9, 1, 7, 11, 1, 6, 10, 1, 9, 0, 0]
[6, 6, 4, 18, 15, 1, 14, 12, 3, 13, 2, 2, 2, 16, 6, 8, 13, 5, 18, 8, 0, 14, 6, 1, 10, 15, 1, 0, 12, 1, 12, 18, 1, 0, 13, 1]
[13, 9, 5, 19, 16, 4, 5, 8, 2, 14, 1, 1, 4, 15, 3, 8, 13, 6, 11, 7, 1, 12, 0, 1, 8, 18, 1, 16, 15, 1, 12, 3, 1, 5, 12, 1]
[9, 5, 1, 19, 15, 1, 15, 9, 1, 13, 3, 1, 5, 16, 1, 8, 12, 1, 11, 11, 0, -1000, -1000, -1000, -1000, -1000, -1000, -1000, -1000, -1000, -1000, -1000, -1000, -1000, -1000, -1000]
[5, 6, 1, 19, 16, 2, 16, 12, 1, 13, 3, 1, 3, 15, 1, 8, 12, 1, 7, 11, 0, 18, 17, 0, -1000, -1000, -1000, -1000, -1000, -1000, -1000, -1000, -1000, -1000, -1000, -1000]
[8, 7, 1, 18, 15, 1, 16, 9, 1, 14, 1, 2, 4, 16, 1, 8, 12, 1, 11, 11, 1, 12, 1, 0, -1000, -1000, -1000, -1000, -1000, -1000, -1000, -1000, -1000, -1000, -1000, -1000]
[5, 7, 1, 19, 15, 1, 15, 9, 1, 14, 3, 1, 4, 17, 2, 9, 12, 2, 16, 7, 1, 10, 15, 1, -1000, -1000, -1000, -1000, -1000, -1000, -1000, -1000, -1000, -1000, -1000, -1000]
[5, 6, 1, 19, 16, 3, 12, 12, 2, 14, 1, 1, 3, 15, 1, 8, 12, 1, 7, 11, 0, 10, 12, 1, 18, 19, 0, -1000, -1000, -1000, -1000, -1000, -1000, -1000, -1000, -1000]
[5, 6, 1, 19, 16, 3, 12, 12, 2, 14, 1, 1, 5, 15, 2, 8, 12, 2, 11, 11, 0, 10, 12, 1, 19, 19, 1, -1000, -1000, -1000, -1000, -1000, -1000, -1000, -1000, -1000]
[7, 6, 3, 18, 15, 1, 15, 10, 1, 13, 2, 2, 4, 15, 4, 9, 12, 4, 14, 15, 1, 11, 3, 1, 10, 4, 0, 9, 16, 0, -1000, -1000, -1000, -1000, -1000, -1000]
[8, 7, 1, 19, 15, 3, 14, 12, 2, 13, 1, 1, 5, 15, 4, 9, 12, 1, 11, 7, 1, 10, 6, 1, 19, 11, 0, 8, 17, 1, -1000, -1000, -1000, -1000, -1000, -1000]
[7, 7, 3, 19, 15, 1, 15, 10, 1, 13, 2, 2, 5, 15, 4, 8, 12, 4, 11, 10, 1, 16, 4, 1, 10, 1, 1, 6, 14, 1, -1000, -1000, -1000, -1000, -1000, -1000]
[7, 6, 3, 19, 15, 1, 15, 10, 1, 15, 2, 2, 4, 15, 4, 9, 12, 5, 15, 14, 1, 10, 4, 0, 10, 4, 1, 9, 16, 0, 10, 11, 1, -1000, -1000, -1000]
[5, 7, 1, 19, 15, 3, 12, 12, 2, 13, 2, 1, 5, 15, 4, 7, 13, 5, 11, 2, 1, 14, 14, 0, 19, 12, 1, 2, 14, 1, 6, 14, 1, -1000, -1000, -1000]
[5, 8, 5, 19, 15, 3, 15, 11, 2, 13, 2, 1, 5, 16, 6, 8, 13, 4, 10, 2, 1, 14, 19, 1, 19, 12, 1, 13, 18, 0, 7, 11, 1, 6, 17, 0]
[4, 8, 4, 19, 15, 2, 15, 8, 5, 13, 2, 1, 5, 16, 6, 9, 14, 3, 10, 5, 1, 14, 19, 1, 6, 13, 1, 6, 10, 0, 14, 6, 1, 12, 17, 1]
[4, 9, 4, 19, 15, 2, 15, 8, 5, 13, 3, 1, 5, 18, 6, 9, 14, 3, 10, 5, 1, 10, 19, 1, 14, 16, 1, 6, 10, 1, 14, 6, 1, 12, 18, 1]
[4, 7, 1, 18, 16, 1, 14, 9, 1, 13, 3, 1, 5, 15, 1, 7, 12, 1, 9, 10, 0, -1000, -1000, -1000, -1000, -1000, -1000, -1000, -1000, -1000, -1000, -1000, -1000, -1000, -1000, -1000]
[8, 7, 1, 18, 15, 1, 12, 8, 1, 13, 2, 1, 2, 16, 1, 9, 13, 1, 10, 7, 1, -1000, -1000, -1000, -1000, -1000, -1000, -1000, -1000, -1000, -1000, -1000, -1000, -1000, -1000, -1000]
[6, 7, 1, 19, 15, 1, 16, 9, 1, 14, 1, 1, 5, 16, 2, 9, 14, 2, 13, 7, 0, 7, 17, 0, -1000, -1000, -1000, -1000, -1000, -1000, -1000, -1000, -1000, -1000, -1000, -1000]
[8, 9, 1, 18, 16, 1, 14, 12, 1, 13, 3, 2, 5, 18, 1, 7, 12, 1, 9, 10, 0, 13, 7, 1, -1000, -1000, -1000, -1000, -1000, -1000, -1000, -1000, -1000, -1000, -1000, -1000]
[8, 7, 1, 18, 16, 1, 12, 8, 1, 13, 3, 1, 2, 16, 2, 9, 13, 1, 10, 13, 1, 1, 14, 1, -1000, -1000, -1000, -1000, -1000, -1000, -1000, -1000, -1000, -1000, -1000, -1000]
[6, 7, 1, 18, 15, 3, 14, 9, 1, 14, 1, 1, 5, 16, 2, 9, 12, 1, 13, 7, 0, 10, 17, 0, 18, 17, 1, -1000, -1000, -1000, -1000, -1000, -1000, -1000, -1000, -1000]
[6, 7, 1, 18, 15, 3, 14, 9, 1, 14, 1, 1, 5, 16, 2, 9, 12, 1, 13, 7, 0, 10, 17, 0, 18, 13, 1, -1000, -1000, -1000, -1000, -1000, -1000, -1000, -1000, -1000]
[8, 7, 1, 18, 16, 1, 13, 8, 1, 13, 2, 2, 2, 15, 3, 8, 12, 1, 9, 10, 1, 15, 0, 0, 3, 19, 1, -1000, -1000, -1000, -1000, -1000, -1000, -1000, -1000, -1000]
[7, 4, 2, 19, 15, 1, 14, 8, 2, 14, 3, 2, 2, 17, 3, 9, 14, 3, 18, 13, 1, 15, 6, 1, 10, 15, 1, -1000, -1000, -1000, -1000, -1000, -1000, -1000, -1000, -1000]
[8, 9, 2, 18, 16, 4, 14, 11, 3, 15, 3, 2, 2, 15, 1, 7, 14, 1, 6, 16, 1, 15, 7, 0, 12, 16, 0, 18, 11, 1, -1000, -1000, -1000, -1000, -1000, -1000]
[5, 9, 1, 18, 15, 3, 12, 9, 4, 14, 2, 2, 2, 15, 4, 9, 13, 4, 1, 13, 0, 17, 1, 1, 18, 17, 1, 10, 13, 1, -1000, -1000, -1000, -1000, -1000, -1000]
[8, 9, 1, 18, 16, 3, 16, 12, 4, 15, 2, 4, 5, 17, 5, 7, 13, 2, 1, 10, 0, 6, 12, 1, 16, 19, 1, 17, 4, 0, 7, 16, 0, -1000, -1000, -1000]
[7, 4, 1, 19, 15, 2, 12, 8, 2, 14, 3, 3, 2, 15, 4, 9, 12, 2, 10, 3, 1, 15, 14, 1, 9, 0, 1, 5, 19, 1, -1000, -1000, -1000, -1000, -1000, -1000]
[6, 9, 4, 18, 16, 3, 16, 10, 4, 15, 3, 5, 2, 17, 1, 7, 12, 2, 1, 11, 0, 6, 15, 1, 16, 16, 1, 11, 4, 0, 17, 1, 1, -1000, -1000, -1000]
[7, 8, 3, 18, 15, 5, 16, 8, 4, 14, 1, 1, 2, 17, 3, 9, 12, 2, 9, 2, 1, 2, 12, 1, 0, 17, 1, 18, 7, 1, 15, 18, 0, -1000, -1000, -1000]
[8, 7, 1, 18, 15, 2, 12, 9, 1, 13, 2, 5, 2, 15, 4, 9, 13, 3, 6, 13, 1, 17, 15, 1, 6, 19, 1, 4, 13, 1, 17, 0, 1, -1000, -1000, -1000]
[6, 7, 6, 18, 15, 2, 14, 8, 5, 15, 1, 3, 2, 17, 4, 9, 14, 1, 12, 16, 1, 10, 18, 0, 15, 0, 1, 3, 14, 1, 11, 13, 0, 2, 4, 1]
[6, 7, 5, 18, 15, 2, 14, 8, 6, 15, 1, 3, 2, 17, 4, 9, 14, 1, 12, 19, 1, 15, 18, 0, 11, 5, 1, 0, 19, 1, 0, 13, 1, 11, 10, 1]
[8, 9, 6, 18, 15, 3, 12, 11, 5, 15, 3, 2, 4, 17, 1, 7, 13, 4, 14, 15, 1, 17, 1, 1, 19, 17, 1, 10, 13, 1, 11, 18, 1, 11, 11, 1]
[9, 9, 1, 18, 15, 1, 14, 8, 1, 15, 2, 1, 5, 15, 1, 7, 14, 1, 11, 11, 0, -1000, -1000, -1000, -1000, -1000, -1000, -1000, -1000, -1000, -1000, -1000, -1000, -1000, -1000, -1000]
[9, 9, 1, 18, 15, 1, 15, 11, 1, 13, 3, 1, 5, 15, 1, 7, 13, 1, 10, 13, 1, -1000, -1000, -1000, -1000, -1000, -1000, -1000, -1000, -1000, -1000, -1000, -1000, -1000, -1000, -1000]
[9, 7, 1, 18, 15, 1, 14, 8, 1, 13, 2, 2, 4, 15, 1, 9, 14, 1, 11, 11, 1, 11, 1, 0, -1000, -1000, -1000, -1000, -1000, -1000, -1000, -1000, -1000, -1000, -1000, -1000]
[8, 9, 2, 18, 16, 1, 14, 11, 1, 13, 3, 2, 5, 15, 1, 8, 12, 1, 10, 17, 1, 8, 1, 1, -1000, -1000, -1000, -1000, -1000, -1000, -1000, -1000, -1000, -1000, -1000, -1000]
[9, 9, 1, 18, 15, 1, 14, 12, 1, 15, 3, 3, 5, 15, 1, 7, 12, 2, 10, 14, 0, 6, 11, 1, 9, 1, 1, -1000, -1000, -1000, -1000, -1000, -1000, -1000, -1000, -1000]
[5, 7, 1, 18, 16, 2, 13, 10, 1, 15, 3, 1, 4, 18, 3, 9, 12, 3, 12, 5, 1, 16, 14, 1, 11, 13, 1, -1000, -1000, -1000, -1000, -1000, -1000, -1000, -1000, -1000]
[3, 9, 2, 19, 15, 1, 15, 10, 1, 14, 3, 3, 5, 16, 4, 7, 14, 4, 11, 10, 1, 5, 2, 0, 14, 4, 0, 3, 13, 1, -1000, -1000, -1000, -1000, -1000, -1000]
[9, 4, 3, 19, 16, 2, 14, 8, 1, 13, 1, 3, 4, 16, 4, 7, 12, 2, 13, 6, 1, 16, 7, 1, 11, 3, 1, 2, 13, 0, -1000, -1000, -1000, -1000, -1000, -1000]
[6, 4, 3, 19, 16, 2, 15, 8, 1, 14, 3, 3, 3, 16, 4, 7, 12, 4, 19, 14, 1, 16, 18, 1, 10, 4, 1, 0, 15, 1, -1000, -1000, -1000, -1000, -1000, -1000]
[7, 4, 3, 2, 15, 5, 13, 10, 4, 15, 1, 1, 19, 15, 2, 8, 12, 5, 17, 0, 1, 12, 17, 1, 11, 4, 1, 17, 18, 0, 5, 13, 0, -1000, -1000, -1000]
[6, 6, 3, 18, 16, 2, 15, 8, 1, 13, 1, 4, 5, 16, 5, 7, 14, 4, 16, 7, 1, 13, 13, 1, 3, 2, 1, 9, 11, 1, 9, 18, 0, -1000, -1000, -1000]
[6, 5, 3, 19, 16, 5, 14, 12, 1, 13, 1, 3, 3, 15, 4, 7, 12, 2, 13, 6, 1, 10, 7, 1, 11, 3, 1, 10, 13, 1, 17, 16, 1, -1000, -1000, -1000]
[3, 4, 4, 19, 16, 1, 13, 12, 5, 13, 3, 6, 5, 17, 2, 8, 12, 3, 19, 14, 1, 6, 14, 1, 3, 14, 0, 0, 15, 0, 13, 13, 1, 11, 10, 1]
[5, 8, 5, 19, 16, 1, 12, 9, 6, 15, 2, 4, 4, 17, 3, 8, 12, 2, 15, 15, 1, 6, 12, 1, 6, 19, 1, 17, 12, 1, 2, 5, 0, 11, 13, 1]
[8, 9, 4, 18, 16, 5, 12, 11, 1, 15, 3, 2, 5, 16, 6, 7, 14, 3, 10, 12, 1, 8, 1, 1, 6, 11, 1, 5, 1, 1, 16, 19, 1, 1, 5, 1]
[9, 9, 1, 18, 15, 1, 12, 11, 1, 14, 1, 1, 4, 17, 1, 9, 12, 1, 13, 14, 0, -1000, -1000, -1000, -1000, -1000, -1000, -1000, -1000, -1000, -1000, -1000, -1000, -1000, -1000, -1000]
[9, 8, 1, 18, 15, 1, 15, 12, 1, 15, 3, 1, 4, 17, 1, 9, 13, 1, 11, 14, 1, -1000, -1000, -1000, -1000, -1000, -1000, -1000, -1000, -1000, -1000, -1000, -1000, -1000, -1000, -1000]
[9, 6, 2, 19, 15, 1, 14, 12, 1, 13, 2, 2, 3, 17, 1, 9, 12, 1, 11, 16, 1, 10, 3, 0, -1000, -1000, -1000, -1000, -1000, -1000, -1000, -1000, -1000, -1000, -1000, -1000]
[8, 9, 1, 18, 16, 1, 12, 8, 1, 13, 3, 2, 4, 18, 1, 7, 13, 1, 10, 15, 1, 11, 3, 1, -1000, -1000, -1000, -1000, -1000, -1000, -1000, -1000, -1000, -1000, -1000, -1000]
[9, 8, 1, 18, 15, 2, 13, 11, 1, 14, 3, 2, 5, 18, 3, 9, 13, 1, 11, 9, 1, 13, 7, 0, 5, 14, 0, -1000, -1000, -1000, -1000, -1000, -1000, -1000, -1000, -1000]
[9, 4, 2, 19, 15, 3, 15, 9, 4, 13, 2, 2, 5, 16, 1, 7, 14, 1, 6, 13, 0, 11, 2, 0, 17, 11, 1, 16, 16, 0, -1000, -1000, -1000, -1000, -1000, -1000]
[8, 9, 1, 18, 15, 2, 13, 12, 2, 14, 2, 1, 5, 16, 3, 7, 13, 3, 17, 2, 1, 14, 13, 1, 7, 11, 1, -1000, -1000, -1000, -1000, -1000, -1000, -1000, -1000, -1000]
[8, 9, 4, 18, 15, 2, 13, 12, 2, 14, 2, 1, 5, 16, 3, 7, 13, 3, 17, 2, 1, 14, 13, 1, 7, 11, 1, 12, 7, 0, -1000, -1000, -1000, -1000, -1000, -1000]
[7, 5, 4, 18, 15, 2, 13, 12, 2, 14, 2, 1, 5, 16, 3, 7, 13, 3, 17, 2, 1, 14, 13, 1, 7, 11, 1, 0, 0, 1, -1000, -1000, -1000, -1000, -1000, -1000]
[8, 4, 2, 18, 16, 3, 13, 10, 4, 15, 1, 1, 5, 15, 5, 9, 14, 5, 18, 4, 1, 13, 5, 0, 17, 10, 0, 17, 7, 1, 5, 12, 1, -1000, -1000, -1000]
[7, 3, 5, 19, 15, 3, 15, 9, 2, 15, 1, 1, 2, 17, 4, 9, 13, 2, 17, 6, 1, 11, 14, 1, 16, 17, 1, 6, 19, 0, 0, 5, 1, -1000, -1000, -1000]
[5, 8, 4, 19, 15, 2, 13, 12, 2, 15, 2, 1, 5, 16, 3, 7, 14, 5, 17, 7, 1, 14, 13, 1, 16, 17, 1, 2, 10, 1, 4, 10, 1, -1000, -1000, -1000]
[5, 8, 5, 18, 16, 3, 14, 9, 1, 15, 3, 6, 5, 18, 4, 9, 13, 2, 17, 6, 1, 15, 16, 1, 16, 13, 1, 11, 19, 1, 2, 9, 0, 19, 4, 0]
[5, 8, 5, 19, 15, 4, 14, 12, 6, 13, 2, 1, 3, 17, 3, 7, 13, 2, 14, 0, 1, 0, 3, 1, 0, 15, 0, 19, 14, 1, 2, 7, 1, 12, 17, 1]
[6, 8, 3, 18, 16, 5, 13, 10, 1, 14, 3, 6, 5, 16, 4, 9, 13, 2, 17, 17, 1, 5, 1, 1, 10, 2, 1, 4, 13, 1, 16, 17, 1, 15, 4, 1]
[8, 7, 1, 18, 15, 1, 14, 8, 1, 13, 3, 1, 5, 15, 1, 8, 12, 1, 10, 10, 0, -1000, -1000, -1000, -1000, -1000, -1000, -1000, -1000, -1000, -1000, -1000, -1000, -1000, -1000, -1000]
[8, 7, 1, 18, 16, 1, 14, 10, 1, 13, 3, 1, 5, 18, 1, 8, 12, 1, 10, 11, 1, -1000, -1000, -1000, -1000, -1000, -1000, -1000, -1000, -1000, -1000, -1000, -1000, -1000, -1000, -1000]
[8, 7, 1, 19, 16, 2, 15, 8, 1, 15, 2, 1, 5, 15, 1, 9, 12, 1, 10, 10, 0, 18, 18, 1, -1000, -1000, -1000, -1000, -1000, -1000, -1000, -1000, -1000, -1000, -1000, -1000]
[3, 7, 1, 19, 15, 2, 14, 8, 1, 14, 3, 1, 5, 15, 1, 9, 12, 1, 10, 10, 1, 18, 18, 1, -1000, -1000, -1000, -1000, -1000, -1000, -1000, -1000, -1000, -1000, -1000, -1000]
[8, 7, 1, 5, 16, 2, 15, 11, 3, 19, 15, 3, 15, 2, 1, 9, 12, 2, 10, 7, 1, 8, 15, 0, 19, 11, 1, -1000, -1000, -1000, -1000, -1000, -1000, -1000, -1000, -1000]
[9, 7, 1, 18, 15, 1, 14, 12, 3, 15, 2, 2, 5, 18, 1, 9, 13, 3, 10, 15, 1, 15, 4, 1, 13, 13, 1, -1000, -1000, -1000, -1000, -1000, -1000, -1000, -1000, -1000]
[4, 7, 1, 18, 15, 2, 15, 10, 1, 15, 2, 1, 5, 17, 3, 9, 14, 4, 10, 7, 0, 18, 18, 1, 6, 16, 1, 6, 14, 0, -1000, -1000, -1000, -1000, -1000, -1000]
[8, 3, 2, 18, 15, 3, 14, 10, 1, 13, 2, 5, 5, 17, 4, 7, 12, 1, 11, 7, 0, 4, 0, 1, 15, 18, 0, 6, 18, 0, 16, 2, 0, -1000, -1000, -1000]
[5, 5, 1, 19, 16, 2, 14, 8, 1, 13, 3, 4, 3, 18, 3, 9, 13, 1, 6, 10, 1, 17, 18, 1, 3, 14, 1, 10, 1, 1, -1000, -1000, -1000, -1000, -1000, -1000]
[8, 5, 5, 18, 15, 3, 16, 8, 1, 15, 2, 4, 5, 15, 1, 7, 13, 2, 6, 15, 1, 10, 11, 1, 19, 14, 1, 11, 2, 0, 10, 3, 1, -1000, -1000, -1000]
[9, 4, 1, 18, 15, 3, 16, 11, 4, 13, 1, 6, 5, 18, 5, 8, 14, 2, 10, 7, 0, 5, 14, 0, 15, 18, 1, 10, 13, 1, 5, 19, 0, 15, 6, 1]
[9, 4, 1, 18, 15, 3, 15, 10, 4, 14, 3, 6, 5, 18, 5, 8, 14, 2, 10, 7, 0, 5, 14, 1, 15, 16, 1, 10, 13, 1, 5, 19, 0, 15, 6, 1]
[8, 6, 5, 18, 16, 3, 16, 12, 4, 13, 1, 6, 4, 15, 2, 9, 13, 1, 10, 10, 1, 10, 13, 0, 19, 19, 1, 15, 15, 1, 8, 10, 1, 12, 4, 1]
[9, 7, 6, 19, 15, 3, 16, 12, 4, 14, 1, 2, 5, 15, 1, 9, 12, 5, 10, 10, 1, 17, 6, 1, 17, 15, 1, 17, 12, 1, 10, 10, 1, 12, 4, 1]
[3, 5, 1, 19, 15, 1, 12, 9, 1, 13, 3, 1, 5, 15, 1, 8, 13, 1, 10, 10, 0, -1000, -1000, -1000, -1000, -1000, -1000, -1000, -1000, -1000, -1000, -1000, -1000, -1000, -1000, -1000]
[8, 5, 1, 19, 15, 1, 12, 8, 1, 13, 3, 1, 5, 15, 1, 8, 12, 1, 9, 10, 1, -1000, -1000, -1000, -1000, -1000, -1000, -1000, -1000, -1000, -1000, -1000, -1000, -1000, -1000, -1000]
[9, 3, 1, 18, 15, 1, 12, 8, 1, 13, 2, 1, 4, 18, 2, 9, 12, 1, 10, 7, 0, 1, 16, 0, -1000, -1000, -1000, -1000, -1000, -1000, -1000, -1000, -1000, -1000, -1000, -1000]
[9, 3, 2, 18, 15, 2, 14, 8, 2, 15, 3, 2, 3, 16, 1, 9, 13, 1, 6, 16, 0, 11, 8, 1, -1000, -1000, -1000, -1000, -1000, -1000, -1000, -1000, -1000, -1000, -1000, -1000]
[5, 9, 1, 18, 15, 2, 16, 9, 2, 15, 3, 1, 5, 15, 1, 9, 12, 1, 9, 10, 1, 17, 15, 1, -1000, -1000, -1000, -1000, -1000, -1000, -1000, -1000, -1000, -1000, -1000, -1000]
[6, 3, 3, 18, 15, 1, 12, 12, 1, 14, 1, 2, 5, 16, 1, 8, 14, 1, 10, 16, 1, 10, 7, 0, 5, 0, 0, -1000, -1000, -1000, -1000, -1000, -1000, -1000, -1000, -1000]
[5, 9, 1, 18, 15, 2, 16, 9, 3, 15, 2, 3, 2, 15, 1, 9, 12, 1, 6, 14, 1, 16, 16, 1, 17, 3, 1, -1000, -1000, -1000, -1000, -1000, -1000, -1000, -1000, -1000]
[5, 9, 1, 18, 15, 2, 16, 9, 4, 14, 2, 3, 2, 15, 1, 7, 14, 1, 6, 14, 1, 16, 16, 0, 17, 3, 1, 12, 13, 1, -1000, -1000, -1000, -1000, -1000, -1000]
[6, 4, 3, 19, 16, 5, 14, 10, 4, 15, 3, 2, 4, 16, 1, 9, 14, 1, 6, 17, 0, 11, 0, 0, 5, 1, 1, 17, 8, 1, 19, 17, 1, -1000, -1000, -1000]
[6, 3, 3, 19, 16, 5, 14, 10, 4, 15, 3, 2, 3, 16, 1, 9, 14, 1, 6, 17, 0, 11, 0, 0, 5, 1, 1, 17, 8, 1, 19, 17, 1, -1000, -1000, -1000]
[8, 9, 1, 18, 16, 3, 15, 10, 5, 13, 3, 4, 4, 16, 2, 8, 12, 1, 6, 13, 1, 1, 18, 1, 17, 18, 1, 12, 5, 1, 14, 6, 0, -1000, -1000, -1000]
[8, 5, 1, 18, 16, 3, 13, 12, 6, 14, 2, 4, 3, 18, 2, 8, 12, 5, 10, 7, 0, 1, 18, 1, 17, 18, 1, 8, 2, 1, 10, 14, 1, 14, 16, 0]
[6, 9, 4, 19, 15, 1, 16, 12, 2, 15, 3, 5, 3, 17, 3, 9, 14, 6, 16, 13, 1, 13, 14, 1, 1, 18, 1, 9, 0, 1, 12, 2, 1, 9, 15, 0]
[3, 9, 1, 18, 16, 2, 13, 12, 3, 15, 1, 4, 5, 15, 5, 8, 12, 6, 1, 7, 1, 18, 18, 1, 17, 3, 1, 10, 5, 1, 8, 17, 1, 13, 17, 1]
[9, 9, 1, 18, 15, 1, 12, 11, 1, 13, 3, 1, 5, 15, 1, 9, 13, 1, 10, 13, 0, -1000, -1000, -1000, -1000, -1000, -1000, -1000, -1000, -1000, -1000, -1000, -1000, -1000, -1000, -1000]
[9, 9, 1, 18, 15, 1, 12, 11, 1, 13, 3, 1, 5, 15, 1, 9, 13, 1, 10, 13, 1, -1000, -1000, -1000, -1000, -1000, -1000, -1000, -1000, -1000, -1000, -1000, -1000, -1000, -1000, -1000]
[9, 4, 2, 18, 16, 1, 12, 9, 2, 13, 3, 2, 5, 15, 1, 7, 14, 1, 7, 15, 0, 11, 5, 0, -1000, -1000, -1000, -1000, -1000, -1000, -1000, -1000, -1000, -1000, -1000, -1000]
[9, 4, 2, 18, 16, 3, 12, 9, 2, 13, 3, 2, 5, 15, 1, 7, 14, 1, 7, 15, 0, 11, 5, 0, 17, 16, 0, -1000, -1000, -1000, -1000, -1000, -1000, -1000, -1000, -1000]
[9, 4, 2, 18, 16, 3, 12, 8, 2, 13, 3, 2, 5, 15, 1, 7, 14, 1, 7, 15, 1, 11, 5, 0, 17, 16, 0, -1000, -1000, -1000, -1000, -1000, -1000, -1000, -1000, -1000]
[9, 4, 2, 18, 16, 3, 12, 8, 2, 13, 3, 2, 5, 15, 1, 7, 14, 1, 7, 15, 0, 11, 5, 0, 17, 16, 1, -1000, -1000, -1000, -1000, -1000, -1000, -1000, -1000, -1000]
[9, 4, 2, 18, 16, 3, 12, 8, 2, 13, 3, 2, 5, 15, 1, 7, 14, 1, 7, 15, 0, 11, 5, 1, 17, 16, 1, -1000, -1000, -1000, -1000, -1000, -1000, -1000, -1000, -1000]
[9, 4, 2, 18, 16, 3, 12, 8, 2, 13, 3, 2, 5, 15, 1, 7, 14, 1, 7, 15, 1, 11, 5, 0, 17, 16, 1, -1000, -1000, -1000, -1000, -1000, -1000, -1000, -1000, -1000]
[9, 4, 2, 18, 16, 3, 12, 8, 2, 13, 3, 2, 5, 15, 1, 7, 14, 1, 7, 15, 1, 11, 5, 1, 17, 16, 1, -1000, -1000, -1000, -1000, -1000, -1000, -1000, -1000, -1000]
[9, 4, 2, 18, 16, 3, 12, 9, 4, 13, 3, 2, 5, 15, 1, 7, 14, 1, 7, 15, 1, 11, 3, 1, 17, 16, 0, 11, 9, 0, -1000, -1000, -1000, -1000, -1000, -1000]
[9, 4, 2, 18, 16, 3, 12, 9, 4, 13, 3, 2, 5, 15, 1, 7, 14, 1, 7, 15, 1, 11, 3, 0, 17, 16, 1, 11, 9, 1, -1000, -1000, -1000, -1000, -1000, -1000]
[9, 4, 2, 18, 16, 3, 12, 9, 4, 13, 3, 2, 5, 15, 1, 7, 14, 1, 7, 15, 1, 11, 3, 1, 17, 16, 1, 11, 9, 0, -1000, -1000, -1000, -1000, -1000, -1000]
[9, 4, 2, 18, 16, 3, 12, 9, 4, 13, 3, 2, 5, 15, 1, 7, 14, 1, 7, 15, 1, 11, 3, 1, 17, 16, 1, 11, 9, 1, -1000, -1000, -1000, -1000, -1000, -1000]
[9, 4, 2, 18, 16, 3, 12, 9, 4, 13, 3, 5, 5, 15, 1, 7, 14, 1, 7, 15, 1, 11, 5, 1, 17, 16, 1, 11, 9, 0, 14, 4, 0, -1000, -1000, -1000]
[9, 4, 2, 18, 16, 3, 12, 9, 4, 13, 3, 5, 5, 15, 1, 7, 14, 1, 7, 15, 1, 11, 5, 1, 17, 16, 1, 11, 9, 0, 13, 4, 1, -1000, -1000, -1000]
[9, 4, 2, 18, 16, 3, 12, 9, 4, 13, 3, 5, 5, 15, 1, 7, 14, 1, 7, 15, 1, 11, 5, 1, 17, 16, 1, 11, 9, 1, 14, 4, 1, -1000, -1000, -1000]
[9, 4, 2, 18, 16, 6, 16, 11, 4, 13, 3, 3, 5, 15, 5, 7, 14, 1, 7, 15, 1, 10, 5, 0, 13, 4, 1, 17, 10, 1, 6, 18, 1, 17, 17, 0]
[9, 4, 2, 18, 16, 6, 16, 11, 4, 13, 3, 3, 5, 15, 5, 7, 14, 1, 7, 15, 1, 10, 5, 0, 12, 4, 1, 17, 10, 1, 6, 18, 1, 17, 17, 1]
[9, 4, 2, 18, 16, 6, 16, 11, 4, 13, 3, 3, 5, 15, 5, 7, 14, 1, 7, 15, 1, 10, 5, 1, 12, 4, 1, 17, 10, 1, 6, 15, 1, 17, 17, 1]
[8, 8, 1, 18, 15, 1, 12, 12, 1, 15, 3, 1, 4, 16, 1, 9, 12, 1, 9, 11, 0, -1000, -1000, -1000, -1000, -1000, -1000, -1000, -1000, -1000, -1000, -1000, -1000, -1000, -1000, -1000]
[8, 8, 1, 18, 15, 1, 12, 12, 1, 14, 3, 1, 4, 15, 1, 9, 13, 1, 11, 12, 1, -1000, -1000, -1000, -1000, -1000, -1000, -1000, -1000, -1000, -1000, -1000, -1000, -1000, -1000, -1000]
[9, 4, 3, 18, 15, 2, 16, 12, 2, 13, 2, 3, 4, 15, 1, 7, 13, 1, 4, 14, 0, 17, 14, 0, 10, 4, 0, -1000, -1000, -1000, -1000, -1000, -1000, -1000, -1000, -1000]
[9, 4, 3, 18, 15, 2, 16, 12, 2, 13, 2, 3, 4, 15, 1, 7, 13, 1, 4, 14, 0, 17, 14, 0, 10, 4, 1, -1000, -1000, -1000, -1000, -1000, -1000, -1000, -1000, -1000]
[9, 4, 3, 18, 15, 2, 16, 12, 2, 13, 2, 3, 4, 15, 1, 7, 13, 1, 4, 14, 0, 17, 14, 1, 10, 4, 1, -1000, -1000, -1000, -1000, -1000, -1000, -1000, -1000, -1000]
[9, 4, 3, 18, 15, 2, 16, 12, 2, 13, 2, 3, 4, 15, 1, 7, 13, 1, 4, 14, 1, 17, 14, 0, 10, 4, 1, -1000, -1000, -1000, -1000, -1000, -1000, -1000, -1000, -1000]
[9, 4, 3, 18, 15, 2, 16, 12, 2, 13, 2, 3, 4, 15, 1, 7, 13, 1, 4, 14, 1, 17, 14, 1, 10, 4, 1, -1000, -1000, -1000, -1000, -1000, -1000, -1000, -1000, -1000]
[9, 4, 3, 18, 15, 2, 16, 12, 2, 15, 1, 4, 4, 15, 1, 7, 13, 1, 4, 14, 1, 17, 14, 0, 10, 4, 1, 16, 1, 0, -1000, -1000, -1000, -1000, -1000, -1000]
[9, 4, 3, 18, 15, 2, 16, 12, 2, 15, 1, 4, 4, 15, 1, 7, 13, 1, 4, 14, 1, 17, 14, 0, 10, 4, 1, 15, 0, 0, -1000, -1000, -1000, -1000, -1000, -1000]
[9, 4, 3, 18, 15, 2, 16, 12, 2, 15, 1, 4, 4, 15, 1, 7, 13, 1, 4, 14, 1, 17, 14, 0, 10, 4, 1, 16, 1, 1, -1000, -1000, -1000, -1000, -1000, -1000]
[9, 4, 3, 18, 15, 2, 16, 12, 2, 15, 1, 4, 4, 15, 1, 7, 13, 1, 4, 14, 1, 17, 14, 1, 10, 4, 1, 16, 0, 1, -1000, -1000, -1000, -1000, -1000, -1000]
[3, 4, 5, 18, 15, 2, 16, 12, 2, 15, 2, 4, 5, 15, 1, 9, 13, 3, 5, 14, 0, 17, 14, 1, 10, 13, 1, 17, 3, 1, 2, 4, 0, -1000, -1000, -1000]
[9, 4, 3, 18, 15, 2, 16, 12, 4, 15, 2, 5, 4, 15, 1, 7, 13, 1, 4, 14, 1, 17, 14, 1, 10, 4, 1, 16, 13, 1, 17, 1, 0, -1000, -1000, -1000]
[9, 4, 3, 18, 15, 2, 16, 12, 4, 15, 1, 5, 4, 15, 1, 7, 13, 1, 4, 14, 1, 17, 14, 1, 10, 4, 1, 16, 13, 1, 17, 1, 1, -1000, -1000, -1000]
[3, 7, 6, 18, 15, 2, 12, 12, 4, 13, 1, 5, 4, 15, 1, 9, 12, 3, 4, 14, 0, 17, 15, 1, 10, 12, 1, 13, 13, 1, 13, 0, 0, 2, 8, 1]
[3, 7, 6, 18, 15, 2, 12, 12, 4, 13, 1, 5, 4, 15, 1, 9, 12, 3, 4, 14, 1, 17, 15, 1, 10, 12, 1, 13, 13, 1, 13, 0, 0, 2, 7, 1]
[3, 7, 6, 18, 15, 2, 12, 12, 4, 13, 1, 5, 4, 15, 1, 9, 12, 3, 4, 14, 1, 17, 15, 1, 10, 12, 1, 13, 13, 1, 13, 0, 1, 2, 8, 1]
[9, 7, 1, 18, 15, 1, 12, 9, 1, 13, 3, 1, 5, 16, 1, 9, 12, 1, 11, 9, 0, -1000, -1000, -1000, -1000, -1000, -1000, -1000, -1000, -1000, -1000, -1000, -1000, -1000, -1000, -1000]
[9, 7, 1, 18, 15, 1, 12, 9, 1, 13, 3, 1, 5, 16, 1, 9, 12, 1, 11, 9, 1, -1000, -1000, -1000, -1000, -1000, -1000, -1000, -1000, -1000, -1000, -1000, -1000, -1000, -1000, -1000]
[9, 7, 1, 18, 15, 2, 12, 9, 1, 13, 3, 1, 5, 16, 1, 9, 12, 1, 11, 9, 0, 17, 15, 0, -1000, -1000, -1000, -1000, -1000, -1000, -1000, -1000, -1000, -1000, -1000, -1000]
[9, 7, 1, 18, 15, 2, 12, 9, 1, 13, 3, 1, 5, 16, 1, 9, 12, 1, 11, 9, 0, 17, 15, 1, -1000, -1000, -1000, -1000, -1000, -1000, -1000, -1000, -1000, -1000, -1000, -1000]
[9, 7, 1, 18, 15, 2, 12, 9, 1, 13, 3, 1, 5, 16, 1, 9, 12, 1, 11, 9, 1, 17, 15, 0, -1000, -1000, -1000, -1000, -1000, -1000, -1000, -1000, -1000, -1000, -1000, -1000]
[9, 7, 1, 18, 15, 2, 12, 9, 1, 13, 3, 1, 5, 16, 3, 9, 12, 1, 11, 9, 0, 17, 15, 0, 6, 17, 0, -1000, -1000, -1000, -1000, -1000, -1000, -1000, -1000, -1000]
[9, 7, 1, 18, 15, 2, 12, 9, 1, 13, 3, 1, 5, 16, 1, 9, 12, 1, 11, 9, 1, 17, 15, 1, -1000, -1000, -1000, -1000, -1000, -1000, -1000, -1000, -1000, -1000, -1000, -1000]
[9, 7, 1, 18, 15, 2, 12, 9, 1, 13, 3, 1, 5, 16, 3, 9, 12, 1, 11, 9, 0, 17, 15, 0, 6, 17, 1, -1000, -1000, -1000, -1000, -1000, -1000, -1000, -1000, -1000]
[9, 7, 1, 18, 15, 2, 12, 9, 1, 13, 3, 1, 5, 16, 3, 9, 12, 1, 11, 9, 1, 17, 15, 0, 6, 17, 0, -1000, -1000, -1000, -1000, -1000, -1000, -1000, -1000, -1000]
[9, 7, 1, 18, 15, 2, 12, 9, 1, 13, 3, 1, 5, 16, 3, 9, 12, 1, 11, 9, 0, 17, 15, 1, 6, 17, 0, -1000, -1000, -1000, -1000, -1000, -1000, -1000, -1000, -1000]
[9, 7, 1, 18, 15, 2, 12, 9, 1, 13, 3, 1, 5, 16, 3, 9, 12, 1, 11, 9, 1, 17, 15, 0, 6, 17, 1, -1000, -1000, -1000, -1000, -1000, -1000, -1000, -1000, -1000]
[9, 7, 1, 18, 15, 2, 12, 9, 1, 13, 3, 1, 5, 16, 3, 9, 12, 1, 11, 9, 0, 17, 15, 1, 6, 17, 1, -1000, -1000, -1000, -1000, -1000, -1000, -1000, -1000, -1000]
[9, 7, 1, 18, 15, 2, 12, 9, 1, 13, 3, 1, 5, 16, 3, 9, 12, 1, 11, 9, 1, 17, 15, 1, 6, 17, 1, -1000, -1000, -1000, -1000, -1000, -1000, -1000, -1000, -1000]
[9, 5, 2, 18, 15, 3, 12, 8, 2, 13, 3, 2, 5, 17, 1, 9, 12, 4, 6, 16, 1, 12, 5, 0, 17, 15, 1, 10, 11, 0, -1000, -1000, -1000, -1000, -1000, -1000]
[9, 5, 2, 18, 15, 3, 12, 8, 2, 13, 3, 2, 5, 17, 1, 9, 12, 4, 6, 16, 1, 12, 5, 1, 17, 15, 1, 10, 11, 0, -1000, -1000, -1000, -1000, -1000, -1000]
[9, 5, 2, 18, 15, 3, 12, 8, 2, 13, 3, 2, 5, 17, 1, 9, 12, 4, 6, 16, 1, 12, 5, 1, 17, 15, 1, 10, 11, 1, -1000, -1000, -1000, -1000, -1000, -1000]
[9, 5, 4, 18, 15, 3, 12, 8, 2, 15, 3, 5, 5, 17, 1, 8, 14, 1, 6, 16, 1, 12, 7, 0, 17, 15, 1, 10, 6, 0, 16, 3, 1, -1000, -1000, -1000]
[9, 5, 4, 18, 15, 3, 13, 8, 2, 15, 3, 5, 5, 17, 1, 8, 14, 1, 6, 16, 1, 12, 7, 1, 17, 15, 1, 10, 6, 1, 16, 3, 0, -1000, -1000, -1000]
[9, 5, 4, 18, 15, 3, 13, 8, 2, 15, 3, 5, 5, 17, 1, 8, 14, 1, 6, 16, 1, 12, 7, 1, 17, 15, 1, 10, 6, 1, 16, 3, 1, -1000, -1000, -1000]
[9, 5, 4, 18, 15, 3, 13, 8, 2, 15, 3, 5, 5, 17, 1, 9, 12, 6, 6, 17, 1, 12, 7, 1, 17, 15, 1, 10, 6, 0, 16, 3, 1, 10, 12, 0]
[9, 5, 4, 18, 15, 3, 12, 8, 2, 15, 3, 5, 5, 17, 1, 9, 12, 6, 6, 16, 1, 12, 7, 1, 17, 15, 1, 10, 6, 0, 16, 3, 1, 10, 12, 1]
[9, 7, 4, 18, 15, 3, 13, 8, 2, 15, 3, 5, 5, 17, 1, 9, 12, 6, 6, 16, 1, 12, 7, 1, 17, 15, 1, 10, 6, 1, 16, 3, 1, 10, 12, 1]
[9, 5, 4, 18, 15, 3, 13, 8, 2, 15, 3, 5, 5, 17, 1, 9, 12, 6, 6, 16, 1, 12, 7, 1, 17, 15, 1, 10, 6, 1, 16, 3, 1, 10, 12, 1]
[9, 5, 4, 18, 15, 3, 12, 8, 2, 15, 3, 5, 5, 17, 1, 9, 12, 6, 6, 16, 1, 12, 7, 1, 17, 15, 1, 10, 6, 1, 16, 3, 1, 10, 13, 1]
[8, 9, 1, 18, 15, 1, 13, 11, 1, 13, 3, 1, 5, 15, 1, 9, 12, 1, 10, 11, 0, -1000, -1000, -1000, -1000, -1000, -1000, -1000, -1000, -1000, -1000, -1000, -1000, -1000, -1000, -1000]
[8, 9, 1, 18, 15, 1, 13, 11, 1, 13, 3, 1, 5, 15, 1, 9, 13, 1, 10, 11, 1, -1000, -1000, -1000, -1000, -1000, -1000, -1000, -1000, -1000, -1000, -1000, -1000, -1000, -1000, -1000]
[8, 9, 1, 19, 16, 2, 13, 11, 1, 13, 3, 1, 5, 15, 1, 9, 13, 1, 10, 11, 0, 19, 17, 0, -1000, -1000, -1000, -1000, -1000, -1000, -1000, -1000, -1000, -1000, -1000, -1000]
[8, 9, 1, 18, 15, 1, 13, 11, 1, 13, 2, 2, 5, 15, 1, 9, 13, 1, 10, 13, 0, 12, 2, 1, -1000, -1000, -1000, -1000, -1000, -1000, -1000, -1000, -1000, -1000, -1000, -1000]
[8, 9, 1, 18, 15, 1, 13, 11, 1, 13, 3, 2, 5, 15, 1, 9, 13, 1, 10, 13, 0, 12, 3, 1, -1000, -1000, -1000, -1000, -1000, -1000, -1000, -1000, -1000, -1000, -1000, -1000]
[8, 9, 1, 18, 15, 2, 13, 11, 1, 13, 2, 3, 5, 15, 1, 9, 13, 1, 10, 12, 0, 17, 14, 0, 12, 2, 0, -1000, -1000, -1000, -1000, -1000, -1000, -1000, -1000, -1000]
[8, 9, 1, 18, 15, 1, 13, 11, 1, 13, 2, 2, 5, 15, 1, 9, 13, 1, 10, 13, 1, 12, 2, 1, -1000, -1000, -1000, -1000, -1000, -1000, -1000, -1000, -1000, -1000, -1000, -1000]
[8, 9, 1, 18, 15, 2, 13, 11, 1, 13, 2, 3, 5, 15, 1, 9, 13, 1, 10, 12, 1, 17, 14, 0, 12, 2, 0, -1000, -1000, -1000, -1000, -1000, -1000, -1000, -1000, -1000]
[8, 9, 1, 18, 15, 2, 13, 11, 1, 13, 2, 3, 5, 15, 1, 9, 13, 1, 10, 13, 1, 17, 14, 0, 12, 2, 1, -1000, -1000, -1000, -1000, -1000, -1000, -1000, -1000, -1000]
[8, 9, 1, 18, 15, 2, 13, 11, 1, 13, 2, 3, 5, 15, 1, 9, 13, 1, 10, 13, 1, 17, 14, 1, 12, 2, 0, -1000, -1000, -1000, -1000, -1000, -1000, -1000, -1000, -1000]
[8, 9, 1, 18, 15, 2, 13, 11, 1, 13, 2, 3, 5, 15, 1, 9, 13, 1, 10, 13, 1, 17, 14, 1, 12, 2, 1, -1000, -1000, -1000, -1000, -1000, -1000, -1000, -1000, -1000]
[8, 9, 1, 18, 15, 4, 12, 11, 1, 13, 2, 3, 3, 15, 2, 9, 13, 1, 10, 11, 1, 3, 14, 1, 12, 2, 0, 18, 14, 0, -1000, -1000, -1000, -1000, -1000, -1000]
[8, 9, 1, 18, 15, 4, 12, 11, 1, 13, 2, 3, 3, 15, 2, 9, 13, 1, 10, 11, 0, 3, 14, 1, 12, 2, 0, 18, 14, 1, -1000, -1000, -1000, -1000, -1000, -1000]
[8, 9, 1, 18, 15, 4, 13, 11, 1, 13, 2, 3, 5, 15, 2, 9, 13, 1, 10, 11, 1, 4, 14, 1, 12, 2, 0, 18, 14, 1, -1000, -1000, -1000, -1000, -1000, -1000]
[8, 9, 1, 18, 15, 4, 13, 11, 1, 13, 2, 3, 4, 15, 2, 9, 13, 1, 10, 11, 1, 4, 14, 1, 12, 2, 1, 18, 14, 1, -1000, -1000, -1000, -1000, -1000, -1000]
[8, 8, 4, 18, 15, 1, 16, 12, 1, 13, 2, 3, 2, 15, 5, 7, 12, 2, 17, 13, 1, 7, 11, 1, 12, 2, 0, 8, 10, 1, 1, 16, 0, -1000, -1000, -1000]
[8, 8, 4, 18, 15, 1, 16, 12, 1, 13, 2, 3, 2, 17, 5, 7, 12, 2, 17, 13, 1, 7, 11, 1, 12, 2, 0, 8, 10, 0, 1, 16, 1, -1000, -1000, -1000]
[8, 8, 4, 18, 15, 1, 16, 12, 1, 13, 2, 3, 2, 15, 5, 7, 12, 2, 17, 13, 1, 7, 11, 1, 12, 2, 0, 8, 10, 0, 1, 16, 1, -1000, -1000, -1000]
[8, 8, 4, 18, 15, 1, 16, 12, 1, 13, 2, 3, 2, 17, 5, 7, 12, 2, 17, 13, 1, 7, 11, 1, 12, 2, 0, 8, 10, 1, 1, 16, 1, -1000, -1000, -1000]
[8, 8, 4, 18, 15, 1, 16, 12, 1, 13, 2, 3, 2, 15, 5, 7, 12, 2, 17, 13, 1, 7, 11, 1, 12, 2, 0, 8, 10, 1, 1, 16, 1, -1000, -1000, -1000]
[8, 8, 4, 18, 15, 1, 16, 12, 1, 13, 2, 3, 2, 15, 5, 7, 12, 2, 17, 13, 1, 7, 11, 1, 12, 2, 1, 8, 10, 1, 1, 16, 1, -1000, -1000, -1000]
[8, 8, 4, 18, 15, 6, 16, 12, 1, 13, 2, 3, 2, 15, 5, 7, 12, 2, 17, 13, 1, 7, 11, 1, 12, 2, 1, 8, 10, 0, 1, 16, 1, 16, 16, 0]
[8, 8, 4, 18, 15, 6, 16, 12, 1, 13, 2, 3, 2, 17, 5, 7, 12, 2, 17, 13, 1, 7, 11, 1, 12, 2, 0, 8, 10, 1, 1, 16, 1, 16, 16, 0]
[8, 8, 4, 18, 15, 6, 16, 12, 1, 13, 2, 3, 2, 17, 5, 7, 12, 2, 17, 13, 1, 7, 11, 1, 12, 2, 1, 8, 10, 0, 1, 16, 1, 16, 16, 0]
[8, 8, 4, 18, 15, 6, 16, 12, 1, 13, 2, 3, 2, 17, 5, 7, 12, 2, 17, 13, 1, 7, 11, 1, 12, 2, 1, 8, 10, 0, 1, 16, 1, 16, 16, 1]
[8, 8, 4, 18, 15, 6, 16, 12, 1, 13, 2, 3, 2, 17, 5, 7, 12, 2, 17, 13, 1, 7, 11, 1, 12, 2, 1, 8, 10, 1, 1, 16, 1, 16, 16, 1]
[8, 9, 1, 18, 15, 1, 12, 12, 1, 13, 3, 1, 5, 15, 1, 9, 12, 1, 11, 12, 0, -1000, -1000, -1000, -1000, -1000, -1000, -1000, -1000, -1000, -1000, -1000, -1000, -1000, -1000, -1000]
[8, 9, 1, 18, 15, 1, 12, 12, 1, 13, 3, 1, 5, 15, 1, 9, 12, 1, 10, 12, 1, -1000, -1000, -1000, -1000, -1000, -1000, -1000, -1000, -1000, -1000, -1000, -1000, -1000, -1000, -1000]
[8, 3, 2, 18, 15, 1, 12, 12, 1, 13, 1, 2, 5, 15, 1, 9, 14, 1, 11, 13, 0, 8, 2, 0, -1000, -1000, -1000, -1000, -1000, -1000, -1000, -1000, -1000, -1000, -1000, -1000]
[8, 9, 1, 18, 15, 1, 12, 12, 1, 13, 3, 2, 5, 15, 1, 9, 12, 1, 10, 12, 1, 14, 4, 0, -1000, -1000, -1000, -1000, -1000, -1000, -1000, -1000, -1000, -1000, -1000, -1000]
[9, 3, 2, 18, 16, 3, 15, 12, 3, 14, 1, 2, 5, 15, 1, 7, 14, 1, 6, 15, 1, 12, 2, 0, 17, 15, 0, -1000, -1000, -1000, -1000, -1000, -1000, -1000, -1000, -1000]
[9, 3, 2, 18, 16, 3, 15, 12, 3, 14, 1, 2, 5, 15, 1, 7, 14, 1, 6, 15, 1, 12, 2, 1, 17, 15, 0, -1000, -1000, -1000, -1000, -1000, -1000, -1000, -1000, -1000]
[9, 3, 2, 18, 16, 3, 15, 12, 3, 14, 1, 2, 5, 15, 1, 7, 14, 1, 6, 15, 1, 12, 2, 0, 17, 15, 1, -1000, -1000, -1000, -1000, -1000, -1000, -1000, -1000, -1000]
[8, 3, 2, 18, 15, 3, 12, 12, 3, 13, 1, 2, 5, 15, 1, 7, 14, 1, 6, 15, 1, 8, 2, 1, 17, 15, 1, -1000, -1000, -1000, -1000, -1000, -1000, -1000, -1000, -1000]
[8, 3, 2, 18, 16, 3, 15, 11, 3, 14, 1, 4, 5, 15, 1, 7, 14, 1, 6, 15, 1, 8, 2, 0, 17, 15, 0, 14, 0, 1, -1000, -1000, -1000, -1000, -1000, -1000]
[8, 3, 2, 18, 16, 3, 15, 11, 3, 14, 1, 4, 5, 15, 1, 7, 14, 1, 6, 15, 1, 8, 2, 1, 17, 15, 0, 14, 0, 0, -1000, -1000, -1000, -1000, -1000, -1000]
[8, 3, 2, 18, 15, 3, 15, 12, 3, 13, 1, 4, 5, 15, 1, 7, 14, 1, 6, 15, 1, 8, 2, 1, 17, 15, 0, 13, 0, 1, -1000, -1000, -1000, -1000, -1000, -1000]
[8, 3, 2, 18, 16, 3, 15, 11, 3, 14, 1, 4, 5, 15, 1, 7, 14, 1, 6, 15, 1, 8, 2, 1, 17, 15, 1, 14, 0, 1, -1000, -1000, -1000, -1000, -1000, -1000]
[8, 3, 2, 18, 15, 3, 15, 12, 5, 14, 1, 4, 5, 15, 1, 7, 14, 1, 6, 15, 1, 8, 2, 1, 17, 15, 0, 14, 0, 0, 17, 13, 1, -1000, -1000, -1000]
[8, 3, 2, 18, 16, 3, 15, 12, 5, 13, 1, 4, 5, 15, 1, 7, 14, 1, 6, 15, 1, 8, 2, 1, 17, 15, 0, 13, 0, 1, 16, 13, 1, -1000, -1000, -1000]
[8, 3, 2, 18, 15, 3, 15, 12, 5, 14, 1, 4, 5, 15, 1, 7, 14, 1, 6, 15, 1, 8, 2, 1, 17, 15, 1, 14, 0, 1, 17, 11, 1, -1000, -1000, -1000]
[8, 3, 2, 18, 15, 3, 15, 12, 5, 14, 1, 4, 5, 15, 1, 7, 14, 1, 6, 15, 1, 8, 2, 1, 17, 15, 1, 14, 0, 1, 17, 13, 1, -1000, -1000, -1000]
[8, 6, 5, 18, 15, 3, 12, 12, 6, 13, 3, 2, 2, 18, 1, 7, 14, 4, 2, 19, 0, 12, 3, 1, 17, 15, 1, 6, 15, 0, 10, 7, 1, 11, 11, 1]
[9, 6, 5, 18, 15, 3, 12, 11, 6, 13, 3, 2, 2, 18, 1, 7, 14, 4, 2, 19, 0, 12, 3, 1, 17, 15, 1, 6, 15, 1, 10, 7, 1, 11, 11, 1]
[9, 6, 5, 18, 16, 3, 12, 11, 6, 13, 3, 2, 2, 17, 1, 7, 14, 4, 2, 19, 1, 12, 3, 1, 17, 15, 1, 6, 15, 1, 10, 7, 1, 11, 11, 1]
[6, 9, 1, 18, 15, 2, 16, 12, 2, 13, 3, 1, 5, 15, 1, 7, 12, 1, 6, 10, 0, 16, 13, 0, -1000, -1000, -1000, -1000, -1000, -1000, -1000, -1000, -1000, -1000, -1000, -1000]
[6, 9, 1, 18, 15, 2, 16, 12, 2, 13, 3, 1, 5, 15, 1, 7, 12, 1, 6, 10, 0, 16, 13, 1, -1000, -1000, -1000, -1000, -1000, -1000, -1000, -1000, -1000, -1000, -1000, -1000]
[5, 9, 1, 18, 15, 2, 16, 12, 2, 13, 3, 3, 5, 15, 1, 7, 12, 1, 6, 14, 0, 16, 13, 0, 12, 3, 0, -1000, -1000, -1000, -1000, -1000, -1000, -1000, -1000, -1000]
[5, 9, 1, 18, 15, 2, 16, 12, 2, 13, 3, 3, 5, 15, 1, 7, 12, 1, 6, 10, 0, 16, 13, 0, 12, 3, 0, -1000, -1000, -1000, -1000, -1000, -1000, -1000, -1000, -1000]
[6, 9, 1, 18, 15, 2, 16, 12, 2, 13, 3, 1, 5, 15, 1, 7, 12, 1, 6, 10, 1, 16, 13, 1, -1000, -1000, -1000, -1000, -1000, -1000, -1000, -1000, -1000, -1000, -1000, -1000]
[6, 9, 1, 18, 15, 2, 16, 12, 2, 13, 3, 3, 5, 15, 1, 7, 12, 1, 6, 10, 0, 16, 13, 0, 12, 3, 1, -1000, -1000, -1000, -1000, -1000, -1000, -1000, -1000, -1000]
[6, 9, 1, 18, 15, 2, 16, 12, 2, 13, 3, 3, 5, 15, 1, 7, 12, 1, 6, 10, 1, 16, 13, 0, 12, 3, 1, -1000, -1000, -1000, -1000, -1000, -1000, -1000, -1000, -1000]
[6, 9, 1, 18, 15, 2, 16, 12, 2, 13, 3, 3, 5, 15, 1, 7, 12, 1, 6, 10, 1, 16, 13, 1, 12, 3, 1, -1000, -1000, -1000, -1000, -1000, -1000, -1000, -1000, -1000]
[6, 9, 4, 18, 15, 2, 16, 12, 2, 13, 1, 3, 5, 15, 1, 7, 12, 1, 6, 14, 1, 16, 13, 0, 12, 1, 1, 7, 10, 0, -1000, -1000, -1000, -1000, -1000, -1000]
[6, 9, 4, 18, 15, 2, 16, 12, 2, 13, 3, 3, 5, 15, 1, 7, 12, 1, 6, 14, 1, 16, 13, 0, 12, 3, 1, 7, 10, 0, -1000, -1000, -1000, -1000, -1000, -1000]
[6, 9, 4, 18, 15, 2, 16, 12, 2, 13, 3, 3, 5, 15, 1, 7, 12, 4, 6, 14, 1, 16, 13, 0, 12, 3, 1, 7, 10, 1, -1000, -1000, -1000, -1000, -1000, -1000]
[5, 9, 4, 18, 15, 2, 16, 12, 2, 13, 3, 3, 5, 15, 1, 7, 12, 1, 6, 14, 1, 16, 13, 1, 12, 3, 1, 2, 9, 1, -1000, -1000, -1000, -1000, -1000, -1000]
[5, 9, 4, 18, 15, 2, 16, 12, 2, 13, 1, 3, 5, 15, 1, 7, 12, 1, 6, 14, 1, 16, 13, 1, 12, 1, 1, 2, 9, 1, -1000, -1000, -1000, -1000, -1000, -1000]
[6, 9, 4, 18, 15, 2, 16, 12, 5, 13, 3, 3, 5, 15, 1, 7, 12, 1, 6, 14, 0, 16, 13, 0, 12, 3, 1, 7, 10, 1, 17, 12, 1, -1000, -1000, -1000]
[6, 9, 4, 18, 15, 2, 16, 12, 5, 13, 3, 3, 5, 15, 1, 7, 12, 1, 6, 14, 1, 16, 13, 0, 12, 3, 1, 7, 10, 1, 17, 12, 1, -1000, -1000, -1000]
[5, 9, 4, 18, 15, 2, 16, 12, 5, 13, 3, 3, 5, 15, 1, 7, 12, 1, 6, 14, 1, 16, 13, 1, 12, 3, 1, 2, 9, 1, 17, 12, 1, -1000, -1000, -1000]
[9, 3, 1, 19, 16, 6, 14, 8, 5, 13, 1, 3, 2, 18, 4, 9, 13, 2, 10, 4, 1, 10, 13, 1, 12, 1, 1, 2, 19, 1, 14, 6, 0, 19, 17, 0]
[9, 3, 1, 19, 16, 6, 14, 8, 5, 13, 1, 3, 2, 18, 4, 9, 13, 2, 10, 4, 1, 10, 13, 1, 12, 1, 1, 2, 19, 0, 14, 6, 1, 19, 17, 0]
[9, 3, 1, 19, 16, 6, 14, 8, 5, 13, 1, 3, 2, 18, 4, 9, 13, 2, 10, 4, 1, 10, 13, 1, 12, 1, 1, 2, 19, 0, 14, 6, 1, 19, 17, 1]
[9, 3, 1, 19, 16, 6, 14, 8, 5, 13, 1, 3, 2, 18, 4, 9, 13, 2, 10, 4, 1, 10, 13, 1, 12, 1, 1, 2, 19, 1, 14, 6, 1, 19, 17, 0]
[9, 3, 1, 19, 16, 6, 14, 8, 5, 13, 1, 3, 2, 18, 4, 9, 13, 2, 10, 4, 1, 10, 13, 1, 12, 1, 1, 2, 19, 1, 14, 6, 1, 19, 17, 1]
[9, 8, 1, 18, 15, 1, 12, 11, 1, 13, 3, 1, 4, 15, 1, 9, 12, 1, 11, 11, 0, -1000, -1000, -1000, -1000, -1000, -1000, -1000, -1000, -1000, -1000, -1000, -1000, -1000, -1000, -1000]
[9, 8, 1, 18, 15, 1, 12, 11, 1, 13, 3, 1, 5, 15, 1, 9, 12, 1, 11, 11, 1, -1000, -1000, -1000, -1000, -1000, -1000, -1000, -1000, -1000, -1000, -1000, -1000, -1000, -1000, -1000]
[9, 8, 1, 18, 15, 2, 12, 10, 1, 13, 3, 1, 5, 15, 1, 8, 12, 1, 8, 11, 0, 18, 14, 0, -1000, -1000, -1000, -1000, -1000, -1000, -1000, -1000, -1000, -1000, -1000, -1000]
[9, 8, 1, 18, 15, 2, 12, 11, 1, 13, 3, 1, 5, 15, 1, 9, 12, 1, 11, 11, 1, 18, 14, 0, -1000, -1000, -1000, -1000, -1000, -1000, -1000, -1000, -1000, -1000, -1000, -1000]
[9, 8, 1, 18, 15, 2, 12, 10, 1, 13, 3, 3, 5, 15, 1, 8, 12, 1, 8, 11, 0, 18, 14, 0, 12, 3, 0, -1000, -1000, -1000, -1000, -1000, -1000, -1000, -1000, -1000]
[9, 8, 1, 18, 15, 2, 12, 11, 1, 13, 3, 1, 5, 15, 1, 9, 12, 1, 11, 11, 1, 18, 14, 1, -1000, -1000, -1000, -1000, -1000, -1000, -1000, -1000, -1000, -1000, -1000, -1000]
[9, 8, 1, 18, 15, 2, 12, 10, 1, 13, 3, 3, 5, 15, 1, 8, 12, 1, 8, 11, 1, 18, 14, 0, 12, 3, 0, -1000, -1000, -1000, -1000, -1000, -1000, -1000, -1000, -1000]
[9, 8, 1, 18, 15, 2, 12, 8, 3, 13, 3, 3, 5, 15, 1, 8, 12, 1, 8, 11, 0, 18, 14, 0, 12, 7, 1, -1000, -1000, -1000, -1000, -1000, -1000, -1000, -1000, -1000]
[9, 8, 1, 18, 15, 2, 12, 10, 1, 13, 3, 3, 5, 15, 1, 8, 12, 1, 8, 11, 1, 18, 14, 0, 12, 3, 1, -1000, -1000, -1000, -1000, -1000, -1000, -1000, -1000, -1000]
[9, 8, 1, 18, 15, 2, 12, 10, 1, 13, 3, 3, 5, 15, 1, 8, 12, 1, 8, 11, 1, 18, 14, 1, 12, 3, 0, -1000, -1000, -1000, -1000, -1000, -1000, -1000, -1000, -1000]
[9, 8, 1, 18, 15, 2, 12, 8, 3, 13, 3, 3, 5, 15, 1, 8, 12, 1, 8, 11, 1, 18, 14, 0, 12, 7, 1, -1000, -1000, -1000, -1000, -1000, -1000, -1000, -1000, -1000]
[9, 8, 1, 18, 15, 2, 12, 8, 3, 13, 3, 3, 5, 15, 1, 8, 12, 1, 8, 11, 1, 18, 14, 1, 12, 7, 1, -1000, -1000, -1000, -1000, -1000, -1000, -1000, -1000, -1000]
[9, 8, 1, 18, 15, 2, 12, 8, 3, 13, 3, 3, 5, 16, 4, 8, 12, 1, 8, 11, 1, 18, 14, 1, 12, 7, 0, 6, 16, 0, -1000, -1000, -1000, -1000, -1000, -1000]
[9, 8, 1, 18, 15, 2, 12, 8, 3, 13, 3, 3, 5, 16, 4, 8, 12, 1, 8, 11, 1, 18, 14, 0, 12, 7, 1, 6, 16, 1, -1000, -1000, -1000, -1000, -1000, -1000]
[9, 8, 1, 18, 15, 2, 12, 8, 3, 13, 3, 3, 5, 16, 4, 8, 12, 1, 8, 11, 1, 18, 14, 1, 12, 7, 1, 6, 16, 0, -1000, -1000, -1000, -1000, -1000, -1000]
[9, 8, 1, 18, 15, 2, 12, 8, 3, 13, 3, 3, 5, 16, 4, 8, 12, 1, 8, 11, 1, 18, 14, 1, 12, 7, 1, 6, 16, 1, -1000, -1000, -1000, -1000, -1000, -1000]
[9, 8, 4, 18, 15, 2, 12, 8, 4, 13, 3, 3, 5, 16, 5, 8, 12, 1, 8, 11, 1, 18, 14, 0, 12, 3, 1, 11, 8, 1, 6, 17, 0, -1000, -1000, -1000]
[9, 8, 4, 18, 15, 2, 12, 8, 4, 13, 3, 3, 5, 16, 5, 9, 12, 1, 8, 11, 1, 18, 14, 1, 12, 3, 1, 11, 8, 1, 6, 17, 0, -1000, -1000, -1000]
[9, 8, 4, 18, 15, 2, 12, 8, 4, 13, 3, 3, 5, 16, 5, 9, 12, 1, 8, 11, 1, 18, 14, 0, 12, 3, 1, 11, 8, 1, 6, 17, 1, -1000, -1000, -1000]
[9, 8, 4, 18, 15, 2, 12, 8, 4, 13, 3, 3, 5, 16, 5, 9, 12, 1, 8, 11, 1, 18, 14, 1, 12, 3, 1, 11, 8, 1, 6, 17, 1, -1000, -1000, -1000]
[9, 8, 6, 18, 15, 2, 12, 8, 4, 13, 3, 3, 5, 16, 5, 8, 12, 1, 8, 11, 1, 18, 14, 1, 12, 3, 1, 11, 8, 1, 6, 17, 0, 10, 8, 0]
[9, 8, 6, 18, 15, 2, 12, 8, 4, 13, 3, 3, 5, 16, 5, 9, 12, 1, 8, 11, 1, 18, 14, 1, 12, 3, 1, 11, 8, 1, 6, 17, 1, 10, 8, 0]
[9, 8, 6, 18, 15, 2, 12, 8, 4, 13, 3, 3, 5, 16, 5, 9, 12, 1, 8, 11, 1, 18, 14, 1, 12, 3, 1, 11, 8, 1, 6, 17, 0, 10, 8, 1]
[9, 8, 6, 18, 15, 2, 12, 8, 4, 13, 3, 3, 5, 16, 5, 9, 12, 1, 8, 11, 1, 18, 14, 1, 12, 3, 1, 11, 8, 1, 6, 17, 1, 10, 8, 1]
[9, 9, 1, 18, 15, 1, 12, 11, 1, 13, 3, 1, 5, 15, 1, 9, 12, 1, 10, 11, 0, -1000, -1000, -1000, -1000, -1000, -1000, -1000, -1000, -1000, -1000, -1000, -1000, -1000, -1000, -1000]
[9, 9, 1, 18, 15, 1, 12, 11, 1, 13, 3, 1, 5, 15, 1, 9, 12, 1, 11, 11, 1, -1000, -1000, -1000, -1000, -1000, -1000, -1000, -1000, -1000, -1000, -1000, -1000, -1000, -1000, -1000]
[9, 9, 1, 18, 15, 1, 12, 11, 1, 13, 2, 2, 5, 15, 1, 9, 12, 1, 11, 11, 0, 12, 2, 0, -1000, -1000, -1000, -1000, -1000, -1000, -1000, -1000, -1000, -1000, -1000, -1000]
[9, 9, 1, 18, 15, 1, 12, 11, 1, 13, 2, 2, 5, 15, 1, 9, 12, 1, 11, 11, 0, 12, 2, 1, -1000, -1000, -1000, -1000, -1000, -1000, -1000, -1000, -1000, -1000, -1000, -1000]
[9, 9, 1, 18, 15, 1, 12, 11, 1, 13, 2, 2, 5, 15, 1, 9, 12, 1, 11, 11, 1, 12, 2, 0, -1000, -1000, -1000, -1000, -1000, -1000, -1000, -1000, -1000, -1000, -1000, -1000]
[9, 9, 1, 18, 15, 1, 12, 11, 1, 13, 2, 2, 4, 18, 3, 9, 12, 1, 11, 11, 0, 12, 2, 0, 4, 19, 0, -1000, -1000, -1000, -1000, -1000, -1000, -1000, -1000, -1000]
[9, 9, 1, 18, 15, 1, 12, 11, 1, 13, 2, 2, 5, 15, 1, 9, 12, 1, 11, 11, 1, 12, 2, 1, -1000, -1000, -1000, -1000, -1000, -1000, -1000, -1000, -1000, -1000, -1000, -1000]
[9, 9, 1, 18, 15, 1, 12, 11, 1, 13, 2, 2, 4, 18, 3, 9, 12, 1, 11, 11, 0, 12, 2, 0, 4, 19, 1, -1000, -1000, -1000, -1000, -1000, -1000, -1000, -1000, -1000]
[9, 9, 1, 18, 15, 1, 12, 11, 1, 13, 2, 2, 4, 18, 3, 9, 12, 1, 11, 11, 1, 12, 2, 0, 4, 19, 0, -1000, -1000, -1000, -1000, -1000, -1000, -1000, -1000, -1000]
[9, 9, 1, 18, 15, 2, 12, 11, 1, 13, 2, 4, 5, 15, 3, 9, 12, 1, 11, 11, 0, 19, 13, 0, 6, 15, 0, 12, 2, 0, -1000, -1000, -1000, -1000, -1000, -1000]
[9, 9, 1, 18, 15, 1, 12, 11, 1, 13, 2, 2, 4, 18, 3, 9, 12, 1, 11, 11, 1, 12, 2, 0, 4, 19, 1, -1000, -1000, -1000, -1000, -1000, -1000, -1000, -1000, -1000]
[9, 9, 1, 19, 15, 2, 12, 11, 1, 13, 2, 4, 5, 15, 3, 9, 12, 1, 11, 11, 0, 19, 13, 0, 6, 15, 0, 12, 2, 1, -1000, -1000, -1000, -1000, -1000, -1000]
[9, 9, 1, 18, 15, 1, 12, 11, 1, 13, 2, 2, 5, 15, 3, 9, 12, 1, 11, 11, 1, 12, 2, 1, 7, 15, 1, -1000, -1000, -1000, -1000, -1000, -1000, -1000, -1000, -1000]
[9, 9, 1, 19, 15, 2, 12, 11, 1, 13, 2, 4, 5, 15, 3, 9, 12, 1, 11, 11, 0, 19, 14, 1, 6, 15, 0, 12, 2, 1, -1000, -1000, -1000, -1000, -1000, -1000]
[9, 9, 1, 19, 15, 2, 12, 11, 1, 13, 2, 4, 4, 15, 3, 7, 14, 3, 11, 11, 1, 19, 14, 1, 6, 15, 0, 12, 2, 1, -1000, -1000, -1000, -1000, -1000, -1000]
[9, 9, 1, 18, 15, 2, 12, 11, 1, 13, 2, 4, 5, 15, 3, 9, 12, 1, 11, 11, 1, 19, 13, 1, 6, 15, 1, 12, 2, 1, -1000, -1000, -1000, -1000, -1000, -1000]
[8, 9, 3, 19, 15, 2, 12, 11, 1, 13, 2, 4, 4, 18, 5, 8, 12, 3, 11, 11, 1, 19, 14, 1, 8, 11, 0, 12, 2, 0, 4, 19, 1, -1000, -1000, -1000]
[8, 9, 3, 19, 15, 2, 12, 11, 1, 13, 2, 4, 4, 18, 5, 8, 12, 3, 11, 11, 1, 19, 14, 1, 8, 11, 0, 12, 2, 1, 4, 19, 1, -1000, -1000, -1000]
[8, 9, 3, 19, 15, 2, 12, 11, 1, 13, 2, 4, 4, 18, 5, 8, 12, 3, 11, 11, 1, 19, 14, 1, 8, 11, 1, 12, 2, 0, 4, 19, 1, -1000, -1000, -1000]
[8, 9, 3, 19, 15, 2, 12, 11, 1, 13, 2, 4, 4, 18, 5, 8, 12, 3, 11, 11, 1, 19, 14, 1, 8, 11, 1, 12, 2, 1, 4, 19, 1, -1000, -1000, -1000]
[8, 9, 3, 19, 15, 2, 12, 11, 1, 13, 2, 4, 4, 18, 5, 7, 12, 6, 11, 11, 1, 19, 14, 1, 8, 11, 1, 12, 2, 0, 4, 19, 1, 6, 12, 0]
[8, 9, 3, 19, 15, 2, 12, 11, 1, 13, 2, 4, 4, 18, 5, 7, 12, 6, 11, 11, 1, 19, 14, 1, 8, 11, 0, 12, 2, 0, 4, 19, 1, 6, 12, 1]
[8, 9, 3, 19, 15, 2, 12, 11, 1, 13, 2, 4, 4, 18, 5, 7, 12, 6, 11, 11, 0, 19, 14, 1, 8, 11, 1, 12, 2, 0, 4, 19, 1, 6, 12, 1]
[8, 9, 3, 19, 15, 2, 12, 11, 1, 13, 2, 4, 4, 18, 5, 7, 12, 6, 11, 11, 1, 19, 14, 1, 8, 11, 0, 12, 2, 1, 4, 19, 1, 6, 12, 1]
[8, 9, 3, 19, 15, 2, 12, 11, 1, 13, 2, 4, 4, 18, 5, 7, 12, 6, 11, 11, 1, 19, 14, 1, 8, 11, 1, 12, 2, 1, 4, 19, 1, 6, 12, 0]
[8, 9, 3, 19, 15, 2, 12, 11, 1, 13, 2, 4, 4, 18, 5, 7, 12, 6, 11, 11, 1, 19, 14, 1, 8, 11, 1, 12, 2, 0, 4, 19, 1, 6, 12, 1]
[8, 9, 3, 19, 15, 2, 12, 11, 1, 13, 2, 4, 4, 18, 5, 7, 12, 6, 11, 11, 1, 19, 14, 1, 8, 11, 1, 12, 2, 1, 4, 19, 1, 6, 12, 1]
[9, 9, 1, 18, 15, 1, 12, 12, 1, 13, 3, 1, 5, 15, 1, 9, 12, 1, 10, 12, 0, -1000, -1000, -1000, -1000, -1000, -1000, -1000, -1000, -1000, -1000, -1000, -1000, -1000, -1000, -1000]
[9, 9, 1, 18, 15, 1, 12, 12, 1, 13, 3, 1, 5, 15, 1, 9, 12, 1, 11, 12, 1, -1000, -1000, -1000, -1000, -1000, -1000, -1000, -1000, -1000, -1000, -1000, -1000, -1000, -1000, -1000]
[9, 9, 1, 18, 15, 1, 12, 12, 1, 13, 3, 2, 5, 15, 1, 9, 12, 1, 10, 12, 0, 13, 4, 0, -1000, -1000, -1000, -1000, -1000, -1000, -1000, -1000, -1000, -1000, -1000, -1000]
[9, 9, 1, 18, 15, 1, 12, 12, 1, 13, 3, 2, 5, 15, 1, 9, 12, 1, 10, 12, 1, 13, 4, 0, -1000, -1000, -1000, -1000, -1000, -1000, -1000, -1000, -1000, -1000, -1000, -1000]
[9, 9, 1, 18, 15, 1, 12, 12, 1, 13, 3, 2, 5, 15, 1, 9, 12, 1, 10, 12, 0, 13, 4, 1, -1000, -1000, -1000, -1000, -1000, -1000, -1000, -1000, -1000, -1000, -1000, -1000]
[9, 9, 1, 18, 16, 3, 12, 12, 1, 13, 3, 2, 5, 15, 1, 9, 12, 1, 10, 12, 0, 13, 4, 0, 18, 17, 0, -1000, -1000, -1000, -1000, -1000, -1000, -1000, -1000, -1000]
[9, 9, 1, 18, 15, 1, 12, 12, 1, 13, 3, 2, 5, 15, 1, 9, 12, 1, 10, 12, 1, 13, 4, 1, -1000, -1000, -1000, -1000, -1000, -1000, -1000, -1000, -1000, -1000, -1000, -1000]
[9, 9, 1, 18, 16, 3, 12, 12, 1, 13, 3, 2, 5, 15, 1, 9, 12, 1, 10, 12, 0, 13, 4, 1, 18, 17, 0, -1000, -1000, -1000, -1000, -1000, -1000, -1000, -1000, -1000]
[9, 9, 1, 18, 16, 3, 12, 12, 1, 13, 3, 2, 5, 15, 1, 9, 12, 1, 10, 12, 0, 13, 4, 1, 18, 17, 1, -1000, -1000, -1000, -1000, -1000, -1000, -1000, -1000, -1000]
[9, 9, 1, 18, 15, 3, 12, 12, 1, 13, 3, 2, 5, 15, 1, 9, 12, 1, 10, 12, 1, 13, 4, 1, 18, 14, 1, -1000, -1000, -1000, -1000, -1000, -1000, -1000, -1000, -1000]
[9, 9, 1, 18, 16, 4, 12, 12, 1, 13, 3, 2, 5, 16, 3, 9, 12, 1, 10, 12, 1, 13, 4, 1, 6, 16, 0, 18, 17, 0, -1000, -1000, -1000, -1000, -1000, -1000]
[9, 9, 1, 18, 16, 4, 12, 12, 1, 13, 3, 2, 5, 16, 3, 9, 12, 1, 10, 12, 1, 13, 4, 0, 6, 16, 0, 18, 17, 1, -1000, -1000, -1000, -1000, -1000, -1000]
[9, 9, 1, 18, 16, 4, 12, 12, 1, 13, 3, 2, 5, 16, 3, 9, 12, 1, 10, 12, 1, 13, 4, 0, 6, 16, 1, 18, 17, 1, -1000, -1000, -1000, -1000, -1000, -1000]
[9, 9, 1, 18, 16, 4, 12, 12, 1, 13, 3, 2, 5, 16, 3, 9, 12, 1, 10, 12, 1, 13, 4, 1, 6, 16, 1, 18, 17, 0, -1000, -1000, -1000, -1000, -1000, -1000]
[9, 9, 1, 18, 16, 4, 12, 12, 1, 13, 3, 2, 5, 16, 3, 9, 12, 1, 10, 12, 1, 13, 4, 1, 6, 16, 1, 18, 17, 1, -1000, -1000, -1000, -1000, -1000, -1000]
[9, 9, 5, 18, 16, 4, 12, 12, 1, 13, 3, 2, 5, 16, 3, 9, 12, 1, 10, 12, 1, 13, 4, 0, 6, 16, 0, 18, 17, 1, 10, 9, 1, -1000, -1000, -1000]
[9, 9, 1, 18, 16, 4, 12, 10, 1, 13, 3, 2, 5, 16, 3, 9, 13, 5, 10, 9, 1, 13, 4, 1, 6, 16, 1, 18, 17, 1, 10, 14, 0, -1000, -1000, -1000]
[9, 9, 1, 18, 16, 4, 12, 9, 1, 13, 3, 2, 5, 16, 3, 9, 13, 5, 10, 9, 1, 13, 4, 1, 6, 16, 1, 18, 17, 1, 11, 14, 1, -1000, -1000, -1000]
[9, 5, 6, 18, 16, 4, 12, 10, 1, 13, 3, 2, 5, 16, 3, 9, 13, 5, 10, 9, 1, 13, 4, 1, 6, 16, 1, 18, 17, 1, 11, 14, 0, 10, 6, 0]
[9, 5, 6, 18, 16, 4, 12, 10, 1, 13, 3, 2, 5, 16, 3, 9, 13, 5, 10, 9, 1, 13, 4, 1, 6, 16, 1, 18, 17, 1, 11, 14, 1, 10, 6, 0]
[3, 3, 3, 18, 15, 4, 15, 9, 2, 13, 2, 6, 4, 15, 5, 9, 14, 1, 10, 15, 1, 16, 5, 1, 3, 2, 1, 18, 13, 1, 5, 14, 1, 12, 2, 1]
[9, 8, 1, 18, 15, 1, 12, 9, 1, 13, 3, 1, 5, 15, 1, 9, 12, 1, 11, 9, 0, -1000, -1000, -1000, -1000, -1000, -1000, -1000, -1000, -1000, -1000, -1000, -1000, -1000, -1000, -1000]
[9, 8, 1, 18, 15, 1, 12, 9, 1, 13, 3, 1, 5, 15, 1, 9, 12, 1, 11, 9, 1, -1000, -1000, -1000, -1000, -1000, -1000, -1000, -1000, -1000, -1000, -1000, -1000, -1000, -1000, -1000]
[9, 8, 1, 18, 15, 1, 12, 9, 1, 13, 3, 1, 5, 15, 2, 8, 12, 2, 11, 9, 0, 6, 14, 0, -1000, -1000, -1000, -1000, -1000, -1000, -1000, -1000, -1000, -1000, -1000, -1000]
[9, 8, 1, 18, 15, 1, 12, 9, 1, 13, 3, 1, 5, 15, 2, 8, 12, 2, 11, 9, 0, 6, 14, 1, -1000, -1000, -1000, -1000, -1000, -1000, -1000, -1000, -1000, -1000, -1000, -1000]
[9, 8, 1, 18, 15, 3, 12, 9, 1, 13, 3, 1, 5, 15, 2, 8, 12, 2, 11, 9, 0, 6, 14, 0, 17, 15, 0, -1000, -1000, -1000, -1000, -1000, -1000, -1000, -1000, -1000]
[9, 8, 1, 18, 15, 3, 12, 9, 1, 13, 3, 1, 5, 15, 2, 8, 14, 2, 11, 9, 1, 6, 14, 0, 17, 15, 0, -1000, -1000, -1000, -1000, -1000, -1000, -1000, -1000, -1000]
[9, 8, 1, 18, 15, 3, 12, 9, 1, 13, 3, 1, 5, 15, 2, 8, 14, 2, 11, 9, 0, 6, 14, 1, 17, 15, 1, -1000, -1000, -1000, -1000, -1000, -1000, -1000, -1000, -1000]
[9, 8, 1, 18, 15, 3, 12, 9, 1, 13, 3, 1, 5, 15, 2, 8, 14, 2, 11, 9, 1, 6, 14, 1, 17, 15, 1, -1000, -1000, -1000, -1000, -1000, -1000, -1000, -1000, -1000]
[9, 8, 1, 18, 15, 4, 12, 9, 1, 13, 3, 3, 5, 15, 2, 8, 14, 2, 11, 9, 0, 6, 14, 0, 10, 4, 1, 18, 14, 1, -1000, -1000, -1000, -1000, -1000, -1000]
[9, 8, 1, 18, 15, 4, 12, 9, 1, 13, 3, 3, 5, 15, 2, 8, 14, 2, 11, 9, 0, 6, 14, 1, 10, 4, 1, 18, 12, 1, -1000, -1000, -1000, -1000, -1000, -1000]
[9, 8, 1, 18, 15, 4, 12, 9, 1, 13, 3, 3, 5, 15, 2, 8, 14, 2, 11, 9, 1, 6, 14, 1, 12, 4, 1, 18, 12, 1, -1000, -1000, -1000, -1000, -1000, -1000]
[3, 3, 4, 18, 15, 5, 16, 12, 5, 13, 1, 1, 5, 15, 3, 8, 12, 2, 12, 1, 0, 8, 11, 0, 5, 14, 1, 3, 2, 1, 18, 14, 1, -1000, -1000, -1000]
[3, 3, 4, 18, 15, 5, 16, 12, 5, 13, 1, 1, 5, 15, 3, 8, 12, 2, 12, 1, 0, 8, 11, 1, 5, 14, 0, 3, 2, 1, 18, 14, 1, -1000, -1000, -1000]
[3, 3, 4, 18, 15, 5, 16, 12, 5, 13, 1, 1, 5, 15, 3, 8, 12, 2, 12, 1, 1, 8, 11, 1, 5, 14, 0, 3, 2, 1, 18, 14, 1, -1000, -1000, -1000]
[3, 3, 4, 18, 15, 5, 16, 12, 5, 13, 1, 1, 5, 15, 3, 8, 12, 2, 12, 1, 0, 8, 11, 1, 5, 14, 1, 3, 2, 1, 18, 14, 1, -1000, -1000, -1000]
[3, 3, 4, 18, 15, 5, 16, 12, 5, 13, 1, 1, 5, 15, 3, 8, 12, 2, 12, 1, 1, 8, 11, 1, 5, 14, 1, 3, 2, 1, 18, 14, 1, -1000, -1000, -1000]
[3, 3, 4, 18, 15, 5, 16, 12, 6, 13, 1, 1, 5, 15, 3, 8, 12, 2, 12, 1, 1, 8, 11, 1, 5, 14, 0, 3, 2, 1, 18, 14, 1, 16, 13, 0]
[3, 3, 4, 18, 15, 5, 16, 12, 6, 13, 1, 1, 5, 15, 3, 8, 12, 2, 12, 1, 0, 8, 11, 1, 5, 14, 1, 3, 2, 1, 18, 14, 1, 16, 13, 0]
[3, 3, 4, 18, 15, 5, 16, 12, 6, 13, 1, 1, 5, 15, 3, 8, 12, 2, 12, 1, 0, 8, 11, 1, 5, 14, 0, 3, 2, 1, 18, 14, 1, 16, 13, 1]
[3, 3, 4, 18, 15, 5, 16, 12, 6, 13, 1, 1, 5, 15, 3, 8, 12, 2, 12, 1, 0, 8, 11, 0, 5, 14, 1, 3, 2, 1, 18, 14, 1, 16, 13, 1]
[3, 3, 4, 18, 15, 5, 16, 12, 6, 13, 1, 1, 5, 15, 3, 8, 12, 2, 12, 1, 1, 8, 11, 1, 5, 14, 0, 3, 2, 1, 18, 14, 1, 16, 13, 1]
[3, 3, 4, 18, 15, 5, 16, 12, 6, 13, 1, 1, 5, 15, 3, 8, 12, 2, 12, 1, 0, 8, 11, 1, 5, 14, 1, 3, 2, 1, 18, 14, 1, 16, 13, 1]
[3, 3, 4, 18, 15, 5, 16, 12, 6, 13, 1, 1, 5, 15, 3, 8, 12, 2, 12, 1, 1, 8, 11, 1, 5, 14, 1, 3, 2, 1, 18, 14, 1, 16, 13, 1]
[8, 6, 1, 18, 16, 1, 16, 9, 1, 13, 3, 1, 4, 16, 1, 8, 12, 1, 10, 9, 0, -1000, -1000, -1000, -1000, -1000, -1000, -1000, -1000, -1000, -1000, -1000, -1000, -1000, -1000, -1000]
[9, 6, 1, 19, 15, 2, 14, 12, 1, 13, 3, 1, 4, 16, 1, 9, 13, 2, 10, 9, 0, 9, 11, 1, -1000, -1000, -1000, -1000, -1000, -1000, -1000, -1000, -1000, -1000, -1000, -1000]
[9, 6, 3, 19, 15, 1, 16, 9, 1, 13, 3, 1, 4, 17, 2, 8, 12, 1, 10, 9, 0, 5, 19, 0, 13, 0, 0, -1000, -1000, -1000, -1000, -1000, -1000, -1000, -1000, -1000]
[8, 6, 3, 18, 15, 2, 16, 9, 1, 13, 3, 3, 4, 17, 2, 8, 12, 1, 10, 9, 0, 5, 19, 0, 13, 0, 1, -1000, -1000, -1000, -1000, -1000, -1000, -1000, -1000, -1000]
[9, 6, 1, 19, 16, 4, 16, 9, 1, 13, 3, 2, 4, 16, 3, 8, 12, 1, 10, 9, 0, 17, 5, 0, 3, 13, 0, 10, 6, 0, -1000, -1000, -1000, -1000, -1000, -1000]
[9, 6, 1, 19, 15, 2, 15, 8, 3, 13, 3, 1, 4, 16, 1, 9, 13, 2, 10, 9, 0, 9, 11, 1, 19, 0, 1, -1000, -1000, -1000, -1000, -1000, -1000, -1000, -1000, -1000]
[9, 6, 1, 19, 15, 1, 16, 12, 2, 13, 3, 3, 4, 16, 1, 9, 12, 3, 10, 9, 1, 9, 11, 1, 10, 12, 1, -1000, -1000, -1000, -1000, -1000, -1000, -1000, -1000, -1000]
[6, 3, 4, 18, 15, 2, 14, 11, 1, 13, 3, 3, 5, 16, 1, 8, 14, 1, 10, 19, 0, 15, 17, 0, 10, 2, 1, 1, 3, 1, -1000, -1000, -1000, -1000, -1000, -1000]
[9, 6, 1, 19, 15, 4, 12, 12, 2, 13, 3, 3, 4, 16, 1, 9, 12, 2, 10, 9, 1, 9, 11, 1, 10, 12, 1, 10, 3, 0, -1000, -1000, -1000, -1000, -1000, -1000]
[9, 6, 1, 19, 15, 4, 12, 8, 3, 15, 3, 3, 4, 16, 5, 8, 12, 2, 10, 17, 0, 5, 11, 1, 11, 0, 1, 14, 13, 0, 10, 14, 0, -1000, -1000, -1000]
[5, 9, 3, 19, 16, 1, 16, 9, 2, 13, 2, 5, 4, 16, 1, 9, 12, 4, 10, 9, 1, 15, 7, 0, 2, 2, 1, 14, 13, 0, 19, 7, 1, -1000, -1000, -1000]
[5, 6, 3, 19, 16, 1, 16, 9, 2, 13, 2, 5, 4, 16, 1, 9, 12, 4, 10, 9, 1, 18, 13, 1, 2, 2, 1, 14, 13, 1, 19, 7, 1, -1000, -1000, -1000]
[5, 9, 3, 19, 15, 4, 16, 9, 6, 13, 2, 5, 4, 16, 2, 9, 12, 1, 10, 17, 1, 5, 11, 1, 2, 0, 1, 14, 16, 0, 13, 7, 1, 10, 14, 0]
[5, 9, 3, 19, 15, 4, 16, 9, 6, 13, 2, 5, 4, 16, 1, 9, 12, 2, 10, 17, 1, 5, 11, 1, 2, 0, 1, 14, 16, 0, 19, 7, 1, 11, 14, 1]
