[9, 8, 1, 18, 15, 1, 12, 10, 1, 13, 3, 1, 5, 15, 1, 9, 12, 1, 11, 11, 0, -1000, -1000, -1000, -1000, -1000, -1000, -1000, -1000, -1000, -1000, -1000, -1000, -1000, -1000, -1000]
[9, 8, 1, 18, 15, 1, 12, 8, 1, 13, 3, 1, 5, 15, 2, 7, 13, 2, 11, 8, 0, 6, 14, 0, -1000, -1000, -1000, -1000, -1000, -1000, -1000, -1000, -1000, -1000, -1000, -1000]
[9, 8, 1, 18, 15, 1, 12, 8, 1, 13, 3, 1, 5, 15, 2, 7, 13, 2, 11, 8, 1, 6, 14, 0, -1000, -1000, -1000, -1000, -1000, -1000, -1000, -1000, -1000, -1000, -1000, -1000]
[9, 8, 1, 18, 15, 1, 12, 8, 1, 13, 3, 1, 5, 15, 2, 7, 13, 2, 11, 8, 0, 6, 14, 1, -1000, -1000, -1000, -1000, -1000, -1000, -1000, -1000, -1000, -1000, -1000, -1000]
[12, 8, 1, 18, 15, 3, 9, 8, 1, 13, 3, 1, 5, 15, 2, 7, 13, 2, 11, 8, 0, 6, 14, 0, 18, 14, 0, -1000, -1000, -1000, -1000, -1000, -1000, -1000, -1000, -1000]
[9, 8, 1, 18, 15, 1, 12, 8, 1, 13, 3, 1, 5, 15, 2, 7, 13, 2, 11, 8, 1, 6, 14, 1, -1000, -1000, -1000, -1000, -1000, -1000, -1000, -1000, -1000, -1000, -1000, -1000]
[12, 8, 1, 18, 15, 3, 9, 8, 1, 13, 3, 1, 5, 15, 2, 7, 13, 2, 11, 8, 1, 6, 14, 0, 18, 14, 0, -1000, -1000, -1000, -1000, -1000, -1000, -1000, -1000, -1000]
[12, 8, 1, 18, 15, 3, 9, 8, 1, 13, 3, 1, 5, 15, 2, 7, 13, 2, 11, 8, 0, 6, 14, 0, 18, 14, 1, -1000, -1000, -1000, -1000, -1000, -1000, -1000, -1000, -1000]
[12, 8, 1, 18, 15, 3, 9, 8, 1, 13, 3, 1, 5, 15, 2, 7, 13, 2, 11, 8, 0, 6, 14, 1, 18, 14, 0, -1000, -1000, -1000, -1000, -1000, -1000, -1000, -1000, -1000]
[9, 8, 1, 18, 15, 3, 12, 8, 1, 13, 3, 1, 5, 15, 2, 7, 13, 2, 11, 8, 0, 6, 14, 0, 18, 14, 1, -1000, -1000, -1000, -1000, -1000, -1000, -1000, -1000, -1000]
[12, 8, 1, 18, 15, 3, 9, 8, 1, 13, 3, 1, 5, 15, 2, 7, 13, 2, 11, 8, 0, 6, 14, 1, 18, 14, 1, -1000, -1000, -1000, -1000, -1000, -1000, -1000, -1000, -1000]
[9, 8, 1, 18, 15, 3, 12, 8, 1, 13, 3, 1, 5, 15, 2, 7, 13, 2, 11, 8, 0, 6, 14, 1, 18, 14, 1, -1000, -1000, -1000, -1000, -1000, -1000, -1000, -1000, -1000]
[9, 8, 1, 18, 15, 3, 12, 8, 1, 13, 3, 1, 5, 15, 2, 7, 13, 2, 11, 8, 1, 6, 14, 0, 18, 14, 1, -1000, -1000, -1000, -1000, -1000, -1000, -1000, -1000, -1000]
[12, 8, 1, 18, 15, 3, 9, 8, 1, 13, 3, 1, 5, 15, 2, 7, 13, 2, 11, 8, 1, 6, 14, 0, 18, 14, 1, -1000, -1000, -1000, -1000, -1000, -1000, -1000, -1000, -1000]
[9, 8, 1, 18, 15, 3, 12, 8, 1, 13, 3, 1, 5, 15, 2, 7, 13, 2, 11, 8, 1, 6, 14, 1, 18, 14, 1, -1000, -1000, -1000, -1000, -1000, -1000, -1000, -1000, -1000]
[12, 8, 1, 18, 15, 3, 9, 8, 1, 13, 3, 1, 5, 15, 2, 7, 13, 2, 11, 8, 1, 6, 14, 1, 18, 14, 1, -1000, -1000, -1000, -1000, -1000, -1000, -1000, -1000, -1000]
[12, 8, 1, 18, 15, 3, 9, 8, 1, 13, 3, 4, 5, 15, 2, 7, 13, 2, 11, 8, 1, 6, 14, 0, 18, 14, 1, 12, 3, 0, -1000, -1000, -1000, -1000, -1000, -1000]
[9, 8, 1, 18, 15, 3, 12, 8, 1, 13, 3, 4, 5, 15, 2, 7, 13, 2, 11, 8, 1, 6, 14, 1, 18, 14, 1, 12, 3, 0, -1000, -1000, -1000, -1000, -1000, -1000]
[9, 8, 1, 18, 15, 3, 12, 8, 1, 13, 3, 4, 5, 15, 2, 7, 13, 2, 11, 8, 1, 6, 14, 0, 18, 14, 1, 12, 3, 1, -1000, -1000, -1000, -1000, -1000, -1000]
[12, 8, 1, 18, 15, 3, 9, 8, 1, 13, 3, 4, 5, 15, 2, 7, 13, 2, 11, 8, 1, 6, 14, 0, 18, 14, 1, 12, 3, 1, -1000, -1000, -1000, -1000, -1000, -1000]
[9, 8, 1, 18, 15, 3, 12, 8, 1, 13, 3, 4, 5, 15, 2, 7, 13, 2, 11, 8, 1, 6, 14, 1, 18, 14, 1, 12, 3, 1, -1000, -1000, -1000, -1000, -1000, -1000]
[12, 8, 1, 18, 15, 3, 9, 8, 1, 13, 3, 4, 5, 15, 2, 7, 13, 2, 11, 8, 1, 6, 14, 1, 18, 14, 1, 12, 3, 1, -1000, -1000, -1000, -1000, -1000, -1000]
[9, 8, 5, 18, 15, 3, 12, 8, 1, 13, 3, 4, 5, 15, 2, 7, 14, 2, 11, 8, 1, 6, 14, 0, 18, 14, 1, 12, 3, 1, 10, 8, 0, -1000, -1000, -1000]
[12, 8, 1, 18, 15, 3, 9, 8, 5, 13, 3, 4, 5, 15, 2, 7, 13, 2, 11, 8, 1, 6, 14, 0, 18, 14, 1, 12, 3, 1, 10, 8, 1, -1000, -1000, -1000]
[9, 8, 5, 18, 15, 3, 12, 8, 1, 13, 3, 4, 5, 15, 2, 7, 13, 2, 11, 8, 1, 6, 14, 1, 18, 14, 1, 12, 3, 1, 10, 8, 0, -1000, -1000, -1000]
[9, 8, 5, 18, 15, 3, 12, 8, 1, 13, 3, 4, 5, 15, 2, 7, 13, 2, 11, 8, 1, 6, 14, 0, 18, 14, 1, 12, 3, 1, 10, 8, 1, -1000, -1000, -1000]
[12, 8, 1, 18, 15, 3, 9, 8, 5, 13, 3, 4, 5, 15, 2, 7, 13, 2, 11, 8, 1, 6, 14, 1, 18, 14, 1, 12, 3, 1, 10, 8, 1, -1000, -1000, -1000]
[9, 8, 6, 18, 15, 3, 12, 8, 1, 13, 3, 4, 5, 15, 5, 7, 13, 2, 11, 8, 1, 6, 13, 0, 18, 14, 1, 12, 3, 1, 6, 15, 1, 10, 8, 0]
[9, 8, 6, 18, 15, 3, 12, 8, 1, 13, 3, 4, 5, 15, 5, 7, 13, 2, 11, 8, 1, 6, 13, 0, 18, 14, 1, 12, 3, 1, 6, 15, 0, 10, 8, 1]
[9, 8, 6, 18, 15, 3, 12, 8, 1, 13, 3, 4, 5, 15, 5, 7, 13, 2, 11, 8, 1, 6, 13, 1, 18, 14, 1, 12, 3, 1, 6, 15, 0, 10, 8, 0]
[9, 8, 6, 18, 15, 3, 12, 8, 1, 13, 3, 4, 5, 15, 5, 7, 13, 2, 11, 8, 1, 6, 13, 1, 18, 14, 1, 12, 3, 1, 6, 15, 1, 10, 8, 0]
[9, 8, 6, 18, 15, 3, 12, 8, 1, 13, 3, 4, 5, 15, 5, 7, 13, 2, 11, 8, 1, 6, 13, 0, 18, 14, 1, 12, 3, 1, 6, 15, 1, 10, 8, 1]
[9, 8, 6, 18, 15, 3, 12, 8, 1, 13, 3, 4, 5, 15, 5, 7, 13, 2, 11, 8, 1, 6, 13, 1, 18, 14, 1, 12, 3, 0, 6, 15, 1, 10, 8, 1]
[9, 8, 6, 18, 15, 3, 12, 8, 1, 13, 3, 4, 5, 15, 5, 7, 13, 2, 11, 8, 1, 6, 13, 1, 18, 14, 1, 12, 3, 1, 6, 15, 0, 10, 8, 1]
[12, 8, 1, 18, 15, 3, 9, 8, 6, 13, 3, 4, 5, 15, 5, 7, 13, 2, 11, 8, 1, 6, 13, 1, 18, 14, 1, 12, 3, 1, 6, 15, 1, 10, 8, 1]
[9, 8, 6, 18, 15, 3, 12, 8, 1, 13, 3, 4, 5, 15, 5, 7, 13, 2, 11, 8, 1, 6, 13, 1, 18, 14, 1, 12, 3, 1, 6, 15, 1, 10, 8, 1]
[9, 9, 1, 18, 15, 1, 12, 11, 1, 13, 3, 1, 5, 15, 1, 9, 12, 1, 10, 11, 0, -1000, -1000, -1000, -1000, -1000, -1000, -1000, -1000, -1000, -1000, -1000, -1000, -1000, -1000, -1000]
[9, 9, 1, 18, 15, 1, 12, 11, 1, 13, 3, 1, 5, 15, 1, 9, 12, 1, 10, 11, 1, -1000, -1000, -1000, -1000, -1000, -1000, -1000, -1000, -1000, -1000, -1000, -1000, -1000, -1000, -1000]
[9, 9, 1, 18, 16, 2, 12, 11, 1, 13, 3, 1, 5, 15, 1, 9, 12, 1, 10, 11, 0, 17, 16, 0, -1000, -1000, -1000, -1000, -1000, -1000, -1000, -1000, -1000, -1000, -1000, -1000]
[9, 9, 1, 18, 16, 2, 12, 11, 1, 13, 3, 1, 5, 15, 1, 9, 12, 1, 10, 11, 1, 17, 16, 0, -1000, -1000, -1000, -1000, -1000, -1000, -1000, -1000, -1000, -1000, -1000, -1000]
[9, 9, 1, 18, 16, 2, 12, 11, 1, 13, 3, 1, 5, 15, 1, 9, 12, 1, 10, 11, 0, 17, 16, 1, -1000, -1000, -1000, -1000, -1000, -1000, -1000, -1000, -1000, -1000, -1000, -1000]
[9, 9, 1, 18, 16, 2, 12, 12, 1, 15, 3, 3, 5, 15, 1, 9, 12, 1, 10, 12, 0, 17, 16, 0, 16, 3, 0, -1000, -1000, -1000, -1000, -1000, -1000, -1000, -1000, -1000]
[9, 9, 1, 18, 16, 2, 12, 11, 1, 13, 3, 1, 5, 15, 1, 9, 12, 1, 10, 11, 1, 17, 16, 1, -1000, -1000, -1000, -1000, -1000, -1000, -1000, -1000, -1000, -1000, -1000, -1000]
[9, 9, 1, 18, 16, 2, 12, 12, 1, 15, 3, 3, 5, 15, 1, 9, 12, 1, 10, 12, 0, 17, 16, 0, 16, 3, 1, -1000, -1000, -1000, -1000, -1000, -1000, -1000, -1000, -1000]
[9, 9, 1, 18, 16, 2, 12, 12, 1, 15, 3, 3, 5, 15, 1, 9, 12, 1, 10, 12, 0, 17, 16, 1, 16, 3, 0, -1000, -1000, -1000, -1000, -1000, -1000, -1000, -1000, -1000]
[9, 9, 1, 18, 16, 2, 12, 12, 1, 15, 3, 3, 5, 15, 1, 9, 12, 1, 10, 12, 1, 17, 16, 0, 16, 3, 0, -1000, -1000, -1000, -1000, -1000, -1000, -1000, -1000, -1000]
[9, 9, 1, 18, 16, 2, 12, 11, 1, 13, 3, 4, 5, 15, 3, 9, 12, 1, 10, 11, 0, 17, 16, 0, 5, 14, 0, 13, 4, 0, -1000, -1000, -1000, -1000, -1000, -1000]
[9, 9, 1, 18, 16, 2, 12, 12, 1, 13, 3, 3, 5, 15, 1, 9, 12, 1, 10, 12, 1, 17, 16, 0, 13, 4, 1, -1000, -1000, -1000, -1000, -1000, -1000, -1000, -1000, -1000]
[9, 9, 1, 18, 16, 2, 12, 12, 1, 15, 3, 3, 5, 15, 1, 9, 12, 1, 10, 12, 0, 17, 16, 1, 16, 3, 1, -1000, -1000, -1000, -1000, -1000, -1000, -1000, -1000, -1000]
[9, 9, 1, 18, 16, 2, 12, 12, 1, 15, 3, 3, 5, 15, 1, 9, 12, 1, 10, 12, 1, 17, 16, 1, 16, 3, 0, -1000, -1000, -1000, -1000, -1000, -1000, -1000, -1000, -1000]
[9, 9, 1, 18, 16, 2, 12, 12, 1, 15, 3, 3, 5, 15, 1, 9, 12, 1, 10, 12, 1, 17, 16, 0, 16, 3, 1, -1000, -1000, -1000, -1000, -1000, -1000, -1000, -1000, -1000]
[9, 9, 1, 18, 16, 2, 12, 11, 1, 13, 3, 4, 5, 15, 3, 9, 12, 1, 10, 11, 1, 17, 16, 0, 5, 14, 0, 13, 4, 0, -1000, -1000, -1000, -1000, -1000, -1000]
[9, 9, 1, 18, 16, 2, 12, 11, 1, 13, 3, 4, 5, 15, 3, 9, 12, 1, 10, 11, 0, 17, 16, 0, 5, 14, 1, 13, 4, 0, -1000, -1000, -1000, -1000, -1000, -1000]
[9, 9, 1, 18, 16, 2, 12, 11, 1, 13, 3, 4, 5, 15, 3, 9, 12, 1, 10, 11, 0, 17, 16, 1, 5, 14, 0, 13, 4, 0, -1000, -1000, -1000, -1000, -1000, -1000]
[9, 9, 1, 18, 16, 2, 12, 12, 1, 15, 3, 3, 5, 15, 1, 9, 12, 1, 10, 12, 1, 17, 16, 1, 16, 3, 1, -1000, -1000, -1000, -1000, -1000, -1000, -1000, -1000, -1000]
[9, 9, 1, 18, 16, 2, 12, 11, 1, 13, 3, 4, 5, 15, 3, 9, 12, 1, 10, 11, 1, 17, 16, 0, 5, 14, 0, 13, 4, 1, -1000, -1000, -1000, -1000, -1000, -1000]
[9, 9, 1, 18, 16, 2, 12, 11, 1, 13, 3, 4, 5, 15, 3, 9, 12, 1, 10, 11, 0, 17, 16, 0, 5, 14, 1, 13, 4, 1, -1000, -1000, -1000, -1000, -1000, -1000]
[9, 9, 1, 18, 16, 2, 12, 11, 1, 13, 3, 4, 5, 15, 3, 9, 12, 1, 10, 11, 1, 17, 16, 0, 5, 14, 1, 13, 4, 0, -1000, -1000, -1000, -1000, -1000, -1000]
[9, 9, 1, 18, 16, 2, 12, 11, 1, 13, 3, 4, 5, 15, 3, 9, 12, 1, 10, 11, 0, 17, 16, 1, 5, 14, 1, 13, 4, 0, -1000, -1000, -1000, -1000, -1000, -1000]
[9, 9, 1, 18, 16, 2, 12, 11, 1, 13, 3, 4, 5, 15, 3, 9, 12, 1, 10, 11, 1, 17, 16, 1, 5, 14, 0, 13, 4, 0, -1000, -1000, -1000, -1000, -1000, -1000]
[9, 9, 1, 18, 16, 2, 12, 11, 1, 13, 3, 4, 5, 15, 3, 9, 12, 1, 10, 11, 1, 17, 16, 1, 5, 14, 1, 13, 4, 0, -1000, -1000, -1000, -1000, -1000, -1000]
[9, 9, 1, 18, 16, 2, 12, 11, 1, 13, 3, 4, 5, 15, 3, 9, 12, 1, 10, 11, 1, 17, 16, 1, 5, 14, 1, 13, 4, 1, -1000, -1000, -1000, -1000, -1000, -1000]
[9, 9, 5, 18, 16, 2, 12, 12, 1, 13, 3, 4, 5, 15, 3, 9, 12, 1, 10, 12, 1, 17, 16, 1, 5, 14, 1, 13, 4, 0, 9, 10, 0, -1000, -1000, -1000]
[9, 7, 2, 18, 16, 3, 12, 12, 1, 13, 1, 4, 5, 15, 5, 9, 12, 1, 10, 12, 0, 10, 7, 1, 17, 16, 0, 13, 0, 1, 5, 14, 1, -1000, -1000, -1000]
[9, 7, 2, 18, 16, 3, 12, 12, 1, 13, 1, 4, 5, 15, 5, 9, 12, 1, 10, 12, 1, 10, 7, 1, 17, 16, 0, 13, 0, 1, 5, 14, 1, -1000, -1000, -1000]
[9, 7, 2, 18, 16, 3, 12, 12, 1, 13, 1, 4, 5, 15, 5, 9, 12, 1, 10, 12, 1, 10, 7, 1, 17, 16, 1, 13, 0, 1, 5, 14, 0, -1000, -1000, -1000]
[9, 7, 2, 18, 16, 3, 12, 12, 1, 13, 1, 4, 5, 15, 5, 9, 12, 1, 10, 12, 1, 10, 7, 1, 17, 16, 1, 13, 0, 1, 5, 14, 1, -1000, -1000, -1000]
[9, 9, 5, 18, 16, 4, 12, 12, 2, 15, 1, 6, 3, 15, 3, 9, 12, 1, 10, 12, 1, 12, 14, 1, 3, 14, 0, 17, 16, 1, 9, 10, 0, 16, 2, 1]
[9, 9, 5, 18, 16, 4, 12, 12, 2, 15, 3, 6, 3, 15, 3, 9, 12, 1, 10, 12, 1, 12, 14, 1, 3, 14, 1, 17, 16, 1, 9, 10, 1, 16, 2, 0]
[9, 9, 5, 18, 16, 4, 12, 12, 2, 15, 1, 6, 3, 15, 3, 9, 12, 1, 10, 12, 1, 12, 14, 1, 3, 14, 1, 17, 16, 1, 9, 10, 0, 16, 2, 1]
[9, 9, 5, 18, 16, 4, 12, 12, 2, 15, 3, 6, 3, 15, 3, 9, 12, 1, 10, 12, 1, 12, 14, 1, 3, 14, 0, 17, 16, 1, 9, 10, 1, 16, 2, 1]
[9, 9, 5, 18, 16, 4, 12, 12, 2, 15, 1, 6, 3, 15, 3, 9, 12, 1, 10, 12, 1, 12, 14, 1, 3, 14, 0, 17, 16, 1, 9, 10, 1, 16, 2, 1]
[9, 9, 5, 18, 16, 4, 12, 12, 2, 15, 3, 6, 3, 15, 3, 9, 12, 1, 10, 12, 1, 12, 14, 1, 3, 14, 1, 17, 16, 1, 9, 10, 1, 16, 2, 1]
[9, 9, 1, 5, 15, 1, 12, 12, 1, 13, 3, 1, 18, 15, 1, 9, 13, 1, 11, 11, 0, -1000, -1000, -1000, -1000, -1000, -1000, -1000, -1000, -1000, -1000, -1000, -1000, -1000, -1000, -1000]
[9, 6, 1, 5, 15, 2, 12, 8, 1, 13, 3, 1, 18, 15, 1, 7, 14, 2, 11, 6, 0, 6, 14, 0, -1000, -1000, -1000, -1000, -1000, -1000, -1000, -1000, -1000, -1000, -1000, -1000]
[9, 6, 1, 5, 15, 2, 12, 8, 1, 13, 3, 1, 18, 15, 3, 7, 14, 2, 11, 6, 0, 6, 14, 0, 17, 15, 0, -1000, -1000, -1000, -1000, -1000, -1000, -1000, -1000, -1000]
[9, 6, 1, 5, 15, 2, 12, 8, 1, 13, 3, 1, 18, 15, 3, 7, 14, 2, 11, 6, 1, 6, 14, 0, 17, 15, 0, -1000, -1000, -1000, -1000, -1000, -1000, -1000, -1000, -1000]
[9, 6, 1, 5, 15, 2, 12, 8, 1, 13, 3, 1, 18, 15, 3, 7, 14, 2, 11, 6, 0, 6, 14, 0, 17, 15, 1, -1000, -1000, -1000, -1000, -1000, -1000, -1000, -1000, -1000]
[9, 6, 1, 5, 15, 2, 12, 8, 1, 13, 3, 1, 18, 15, 3, 7, 14, 2, 11, 6, 0, 6, 14, 1, 17, 15, 0, -1000, -1000, -1000, -1000, -1000, -1000, -1000, -1000, -1000]
[9, 6, 1, 5, 15, 2, 12, 8, 1, 13, 3, 1, 18, 15, 3, 7, 14, 2, 11, 6, 1, 6, 14, 1, 17, 15, 0, -1000, -1000, -1000, -1000, -1000, -1000, -1000, -1000, -1000]
[9, 6, 1, 5, 15, 2, 12, 8, 1, 13, 3, 1, 18, 15, 3, 7, 14, 2, 11, 6, 0, 6, 14, 1, 17, 15, 1, -1000, -1000, -1000, -1000, -1000, -1000, -1000, -1000, -1000]
[9, 6, 1, 5, 15, 2, 12, 8, 1, 13, 3, 1, 18, 15, 3, 7, 14, 2, 11, 6, 1, 6, 14, 1, 17, 15, 1, -1000, -1000, -1000, -1000, -1000, -1000, -1000, -1000, -1000]
[6, 9, 2, 18, 16, 1, 15, 8, 3, 15, 3, 3, 2, 15, 4, 7, 12, 2, 17, 16, 0, 6, 10, 1, 15, 7, 0, 1, 15, 1, -1000, -1000, -1000, -1000, -1000, -1000]
[6, 9, 2, 18, 16, 1, 15, 8, 3, 15, 3, 3, 2, 15, 4, 7, 12, 2, 17, 16, 0, 6, 10, 0, 15, 7, 1, 1, 15, 1, -1000, -1000, -1000, -1000, -1000, -1000]
[6, 9, 2, 18, 16, 1, 15, 8, 3, 15, 3, 3, 2, 15, 4, 7, 12, 2, 17, 16, 1, 6, 10, 1, 15, 7, 0, 1, 15, 1, -1000, -1000, -1000, -1000, -1000, -1000]
[6, 9, 2, 18, 16, 1, 15, 8, 3, 15, 3, 3, 2, 15, 4, 7, 12, 2, 17, 16, 1, 6, 10, 0, 15, 7, 1, 1, 15, 1, -1000, -1000, -1000, -1000, -1000, -1000]
[6, 9, 2, 18, 16, 1, 15, 8, 3, 15, 3, 3, 2, 15, 4, 7, 12, 2, 17, 16, 0, 6, 10, 1, 15, 7, 1, 1, 15, 1, -1000, -1000, -1000, -1000, -1000, -1000]
[6, 9, 2, 18, 16, 1, 15, 8, 3, 15, 3, 3, 2, 15, 4, 7, 12, 2, 17, 16, 1, 6, 10, 1, 15, 7, 1, 1, 15, 1, -1000, -1000, -1000, -1000, -1000, -1000]
[6, 9, 2, 18, 16, 1, 15, 8, 3, 15, 3, 5, 2, 15, 4, 7, 12, 2, 17, 16, 1, 6, 10, 0, 15, 7, 1, 1, 15, 1, 15, 4, 0, -1000, -1000, -1000]
[6, 9, 2, 18, 16, 1, 15, 8, 3, 14, 3, 5, 2, 15, 4, 7, 12, 2, 17, 16, 0, 6, 10, 1, 15, 7, 1, 1, 15, 1, 14, 4, 0, -1000, -1000, -1000]
[6, 9, 2, 18, 16, 1, 15, 8, 3, 14, 3, 5, 2, 15, 4, 7, 12, 2, 17, 16, 1, 6, 10, 1, 15, 7, 0, 1, 15, 1, 14, 4, 0, -1000, -1000, -1000]
[6, 9, 2, 18, 16, 1, 15, 8, 3, 14, 3, 5, 2, 15, 4, 7, 12, 2, 17, 16, 1, 6, 10, 0, 15, 7, 0, 1, 15, 1, 14, 4, 1, -1000, -1000, -1000]
[6, 9, 2, 18, 16, 1, 15, 8, 3, 14, 3, 5, 2, 15, 4, 7, 12, 2, 17, 16, 1, 6, 10, 0, 15, 7, 1, 1, 15, 1, 14, 4, 0, -1000, -1000, -1000]
[6, 9, 2, 18, 16, 1, 15, 8, 3, 14, 3, 5, 2, 15, 4, 7, 12, 2, 17, 16, 1, 6, 10, 1, 15, 7, 1, 1, 15, 0, 14, 4, 1, -1000, -1000, -1000]
[6, 9, 2, 18, 16, 1, 15, 8, 3, 14, 3, 5, 2, 15, 4, 7, 12, 2, 17, 16, 1, 6, 10, 1, 15, 7, 1, 1, 15, 1, 14, 4, 0, -1000, -1000, -1000]
[6, 9, 2, 18, 16, 1, 15, 8, 3, 14, 3, 5, 2, 15, 4, 7, 12, 2, 17, 16, 1, 6, 10, 1, 15, 7, 0, 1, 15, 1, 14, 4, 1, -1000, -1000, -1000]
[6, 9, 2, 18, 16, 1, 15, 8, 3, 14, 3, 5, 2, 15, 4, 7, 12, 2, 17, 16, 1, 6, 10, 0, 15, 7, 1, 1, 15, 1, 14, 4, 1, -1000, -1000, -1000]
[6, 9, 2, 18, 16, 1, 15, 8, 3, 14, 3, 5, 2, 15, 4, 7, 12, 2, 17, 16, 1, 6, 10, 1, 15, 7, 1, 1, 15, 1, 14, 4, 1, -1000, -1000, -1000]
[6, 9, 5, 18, 16, 1, 15, 8, 3, 14, 3, 6, 2, 15, 4, 7, 12, 2, 17, 16, 1, 6, 12, 1, 15, 7, 0, 1, 15, 1, 6, 10, 1, 14, 4, 0]
[6, 9, 5, 18, 16, 1, 15, 8, 3, 14, 3, 6, 2, 15, 4, 7, 12, 2, 17, 16, 1, 6, 12, 1, 15, 7, 0, 1, 15, 1, 6, 10, 0, 14, 4, 1]
[6, 9, 5, 18, 16, 1, 15, 8, 3, 14, 3, 6, 2, 15, 4, 7, 12, 2, 17, 16, 1, 6, 12, 0, 15, 7, 1, 1, 15, 1, 6, 10, 1, 14, 4, 1]
[6, 9, 5, 18, 16, 1, 15, 8, 3, 14, 3, 6, 2, 15, 4, 7, 12, 2, 17, 16, 1, 6, 12, 1, 15, 7, 1, 1, 15, 0, 6, 10, 1, 14, 4, 1]
[6, 9, 5, 18, 16, 1, 15, 8, 3, 14, 3, 6, 2, 15, 4, 7, 12, 2, 17, 16, 1, 6, 12, 1, 15, 7, 0, 1, 15, 1, 6, 10, 1, 14, 4, 1]
[6, 9, 5, 18, 16, 1, 15, 8, 3, 14, 3, 6, 2, 15, 4, 7, 12, 2, 17, 16, 1, 6, 12, 1, 15, 7, 1, 1, 15, 1, 6, 10, 0, 14, 4, 1]
[6, 9, 5, 18, 16, 1, 15, 8, 3, 14, 3, 6, 2, 15, 4, 7, 12, 2, 17, 16, 1, 6, 12, 1, 15, 7, 1, 1, 15, 1, 6, 10, 1, 14, 4, 1]
[9, 8, 1, 18, 15, 1, 12, 11, 1, 13, 3, 1, 5, 16, 1, 9, 12, 1, 11, 11, 0, -1000, -1000, -1000, -1000, -1000, -1000, -1000, -1000, -1000, -1000, -1000, -1000, -1000, -1000, -1000]
[9, 7, 1, 18, 15, 1, 12, 8, 1, 13, 3, 1, 5, 16, 2, 7, 14, 2, 11, 7, 0, 7, 15, 0, -1000, -1000, -1000, -1000, -1000, -1000, -1000, -1000, -1000, -1000, -1000, -1000]
[9, 7, 1, 18, 15, 3, 12, 8, 1, 13, 3, 1, 5, 16, 2, 7, 14, 2, 11, 7, 0, 7, 15, 0, 18, 14, 0, -1000, -1000, -1000, -1000, -1000, -1000, -1000, -1000, -1000]
[9, 7, 1, 18, 15, 3, 12, 8, 1, 13, 3, 1, 5, 16, 2, 7, 14, 2, 11, 7, 1, 7, 15, 0, 18, 14, 0, -1000, -1000, -1000, -1000, -1000, -1000, -1000, -1000, -1000]
[9, 7, 1, 18, 15, 3, 12, 8, 1, 13, 3, 1, 5, 16, 2, 7, 14, 2, 11, 7, 1, 7, 15, 0, 18, 14, 1, -1000, -1000, -1000, -1000, -1000, -1000, -1000, -1000, -1000]
[9, 7, 1, 18, 16, 3, 12, 8, 1, 13, 3, 1, 5, 16, 2, 7, 14, 2, 11, 7, 1, 7, 15, 0, 18, 17, 1, -1000, -1000, -1000, -1000, -1000, -1000, -1000, -1000, -1000]
[9, 7, 1, 18, 16, 3, 12, 8, 1, 13, 3, 1, 5, 16, 2, 7, 14, 2, 11, 7, 1, 7, 15, 1, 18, 17, 1, -1000, -1000, -1000, -1000, -1000, -1000, -1000, -1000, -1000]
[9, 7, 1, 18, 15, 3, 12, 8, 1, 13, 3, 1, 5, 16, 2, 7, 14, 2, 11, 7, 1, 7, 15, 1, 18, 14, 1, -1000, -1000, -1000, -1000, -1000, -1000, -1000, -1000, -1000]
[9, 3, 2, 18, 16, 1, 16, 8, 3, 13, 2, 2, 5, 15, 4, 7, 14, 4, 17, 16, 0, 11, 3, 1, 17, 8, 1, 5, 14, 0, -1000, -1000, -1000, -1000, -1000, -1000]
[9, 3, 2, 18, 16, 1, 16, 8, 3, 13, 2, 2, 5, 15, 4, 7, 14, 4, 17, 16, 1, 11, 3, 0, 17, 8, 1, 5, 14, 0, -1000, -1000, -1000, -1000, -1000, -1000]
[9, 3, 2, 18, 16, 1, 16, 8, 3, 13, 2, 2, 5, 15, 4, 7, 14, 4, 17, 16, 1, 11, 3, 1, 17, 8, 0, 5, 14, 0, -1000, -1000, -1000, -1000, -1000, -1000]
[9, 3, 2, 18, 16, 1, 16, 8, 3, 13, 2, 2, 5, 15, 4, 7, 14, 4, 17, 16, 1, 11, 3, 1, 17, 8, 0, 5, 14, 1, -1000, -1000, -1000, -1000, -1000, -1000]
[9, 3, 2, 18, 16, 1, 16, 8, 3, 13, 2, 2, 5, 15, 4, 7, 14, 4, 17, 16, 1, 11, 3, 1, 17, 8, 1, 5, 14, 0, -1000, -1000, -1000, -1000, -1000, -1000]
[9, 3, 2, 18, 16, 1, 16, 8, 3, 13, 2, 2, 5, 15, 4, 7, 14, 4, 17, 16, 1, 11, 3, 1, 17, 8, 1, 5, 14, 1, -1000, -1000, -1000, -1000, -1000, -1000]
[3, 3, 2, 18, 16, 1, 16, 8, 3, 13, 2, 5, 5, 15, 4, 7, 14, 4, 17, 16, 0, 2, 3, 1, 17, 8, 1, 5, 14, 1, 12, 2, 0, -1000, -1000, -1000]
[3, 3, 2, 18, 16, 1, 16, 8, 3, 13, 2, 5, 5, 15, 4, 7, 14, 4, 17, 16, 1, 2, 3, 1, 17, 8, 1, 5, 14, 0, 12, 2, 0, -1000, -1000, -1000]
[3, 3, 2, 18, 16, 1, 16, 8, 3, 13, 2, 5, 5, 15, 4, 7, 14, 4, 17, 16, 1, 2, 3, 1, 17, 8, 1, 5, 14, 0, 12, 2, 1, -1000, -1000, -1000]
[3, 3, 2, 18, 16, 1, 16, 8, 3, 13, 2, 5, 5, 15, 4, 7, 14, 4, 17, 16, 1, 2, 3, 1, 17, 8, 1, 5, 14, 1, 12, 2, 0, -1000, -1000, -1000]
[3, 3, 2, 18, 16, 1, 16, 8, 3, 13, 2, 5, 5, 15, 4, 7, 14, 4, 17, 16, 1, 2, 3, 1, 17, 8, 1, 5, 14, 1, 12, 2, 1, -1000, -1000, -1000]
[3, 3, 2, 18, 16, 1, 16, 8, 3, 13, 2, 5, 5, 15, 4, 7, 14, 6, 17, 16, 1, 2, 3, 1, 17, 8, 1, 5, 14, 1, 12, 2, 0, 6, 14, 0]
[3, 3, 2, 18, 16, 1, 16, 8, 3, 13, 2, 5, 5, 15, 4, 7, 14, 6, 17, 16, 1, 2, 3, 1, 17, 8, 1, 5, 14, 0, 12, 2, 1, 6, 14, 0]
[3, 3, 2, 18, 16, 1, 16, 12, 3, 13, 2, 5, 5, 15, 4, 7, 14, 6, 17, 16, 1, 2, 3, 1, 17, 12, 1, 5, 14, 1, 12, 2, 1, 6, 14, 0]
[3, 3, 2, 18, 16, 1, 16, 8, 3, 13, 2, 5, 5, 15, 4, 7, 14, 6, 17, 16, 1, 2, 3, 1, 17, 8, 1, 5, 14, 1, 12, 2, 0, 6, 14, 1]
[3, 3, 2, 18, 16, 1, 16, 8, 3, 13, 2, 5, 5, 15, 4, 7, 14, 6, 17, 16, 1, 2, 3, 1, 17, 8, 1, 5, 14, 0, 12, 2, 1, 6, 14, 1]
[3, 3, 2, 18, 16, 1, 16, 8, 3, 13, 2, 5, 5, 15, 4, 7, 14, 6, 17, 16, 1, 2, 3, 1, 17, 8, 1, 5, 14, 1, 12, 2, 1, 6, 14, 0]
[3, 3, 2, 18, 16, 1, 16, 8, 3, 13, 2, 5, 5, 15, 4, 7, 14, 6, 17, 16, 1, 2, 3, 1, 17, 8, 1, 5, 14, 1, 12, 2, 1, 6, 14, 1]
[9, 9, 1, 18, 15, 1, 12, 11, 1, 13, 3, 1, 5, 15, 1, 9, 12, 1, 10, 11, 0, -1000, -1000, -1000, -1000, -1000, -1000, -1000, -1000, -1000, -1000, -1000, -1000, -1000, -1000, -1000]
[9, 9, 1, 18, 15, 1, 12, 11, 1, 13, 3, 1, 5, 15, 1, 9, 12, 1, 10, 11, 1, -1000, -1000, -1000, -1000, -1000, -1000, -1000, -1000, -1000, -1000, -1000, -1000, -1000, -1000, -1000]
[9, 9, 1, 18, 15, 2, 12, 11, 1, 13, 3, 1, 5, 15, 1, 9, 12, 1, 10, 10, 0, 17, 15, 0, -1000, -1000, -1000, -1000, -1000, -1000, -1000, -1000, -1000, -1000, -1000, -1000]
[9, 9, 1, 18, 15, 2, 12, 11, 1, 13, 3, 1, 5, 15, 1, 9, 12, 1, 10, 10, 1, 17, 15, 0, -1000, -1000, -1000, -1000, -1000, -1000, -1000, -1000, -1000, -1000, -1000, -1000]
[9, 9, 1, 18, 16, 2, 12, 11, 1, 15, 3, 3, 5, 15, 1, 9, 12, 1, 10, 11, 0, 17, 16, 0, 15, 4, 0, -1000, -1000, -1000, -1000, -1000, -1000, -1000, -1000, -1000]
[9, 9, 1, 18, 15, 2, 12, 11, 1, 13, 3, 1, 5, 15, 1, 9, 12, 1, 10, 10, 1, 17, 15, 1, -1000, -1000, -1000, -1000, -1000, -1000, -1000, -1000, -1000, -1000, -1000, -1000]
[9, 9, 1, 18, 16, 2, 12, 11, 1, 15, 3, 3, 5, 15, 1, 9, 12, 1, 10, 11, 1, 17, 16, 0, 15, 4, 0, -1000, -1000, -1000, -1000, -1000, -1000, -1000, -1000, -1000]
[9, 9, 1, 18, 16, 2, 12, 11, 1, 15, 3, 3, 5, 15, 1, 9, 12, 1, 10, 11, 0, 17, 16, 1, 15, 4, 0, -1000, -1000, -1000, -1000, -1000, -1000, -1000, -1000, -1000]
[9, 9, 1, 18, 16, 2, 12, 11, 1, 15, 3, 3, 5, 15, 1, 9, 12, 1, 10, 11, 0, 17, 16, 0, 15, 4, 1, -1000, -1000, -1000, -1000, -1000, -1000, -1000, -1000, -1000]
[9, 9, 1, 18, 16, 2, 12, 11, 1, 15, 3, 4, 5, 16, 3, 9, 12, 1, 10, 11, 0, 17, 16, 0, 6, 16, 0, 15, 4, 0, -1000, -1000, -1000, -1000, -1000, -1000]
[9, 9, 1, 18, 16, 2, 12, 11, 1, 15, 3, 3, 5, 15, 1, 9, 12, 1, 10, 11, 1, 17, 16, 0, 15, 4, 1, -1000, -1000, -1000, -1000, -1000, -1000, -1000, -1000, -1000]
[9, 9, 1, 18, 16, 2, 12, 11, 1, 15, 3, 3, 5, 15, 1, 9, 12, 1, 10, 11, 1, 17, 16, 1, 15, 4, 0, -1000, -1000, -1000, -1000, -1000, -1000, -1000, -1000, -1000]
[9, 9, 1, 18, 16, 2, 12, 11, 1, 15, 3, 3, 5, 15, 1, 9, 12, 1, 10, 11, 0, 17, 16, 1, 15, 4, 1, -1000, -1000, -1000, -1000, -1000, -1000, -1000, -1000, -1000]
[9, 9, 1, 18, 16, 2, 12, 11, 1, 15, 3, 4, 5, 16, 3, 9, 12, 1, 10, 11, 0, 17, 16, 1, 6, 16, 0, 15, 4, 0, -1000, -1000, -1000, -1000, -1000, -1000]
[9, 9, 1, 18, 16, 2, 12, 11, 1, 15, 3, 4, 5, 16, 3, 9, 12, 1, 10, 11, 1, 17, 16, 0, 6, 16, 0, 15, 4, 0, -1000, -1000, -1000, -1000, -1000, -1000]
[9, 9, 1, 18, 16, 2, 12, 11, 1, 15, 3, 4, 5, 16, 3, 9, 12, 1, 10, 11, 0, 17, 16, 0, 6, 16, 1, 15, 4, 0, -1000, -1000, -1000, -1000, -1000, -1000]
[9, 9, 1, 18, 16, 2, 12, 11, 1, 15, 3, 3, 5, 15, 1, 9, 12, 1, 10, 11, 1, 17, 16, 1, 15, 4, 1, -1000, -1000, -1000, -1000, -1000, -1000, -1000, -1000, -1000]
[9, 9, 1, 18, 16, 2, 12, 11, 1, 15, 3, 4, 5, 16, 3, 9, 12, 1, 10, 11, 1, 17, 16, 0, 6, 16, 0, 15, 4, 1, -1000, -1000, -1000, -1000, -1000, -1000]
[9, 9, 1, 18, 16, 2, 12, 11, 1, 15, 3, 4, 5, 16, 3, 9, 12, 1, 10, 11, 0, 17, 16, 1, 6, 16, 1, 15, 4, 0, -1000, -1000, -1000, -1000, -1000, -1000]
[9, 9, 1, 18, 16, 2, 12, 11, 1, 15, 3, 4, 5, 16, 3, 9, 12, 1, 10, 11, 1, 17, 16, 0, 6, 16, 1, 15, 4, 0, -1000, -1000, -1000, -1000, -1000, -1000]
[9, 9, 1, 18, 16, 2, 12, 11, 1, 15, 3, 4, 5, 16, 3, 9, 12, 1, 10, 11, 1, 17, 16, 1, 6, 16, 0, 15, 4, 0, -1000, -1000, -1000, -1000, -1000, -1000]
[9, 9, 1, 18, 16, 2, 12, 11, 1, 15, 3, 4, 5, 16, 3, 9, 12, 1, 10, 11, 1, 17, 16, 0, 6, 16, 1, 15, 4, 1, -1000, -1000, -1000, -1000, -1000, -1000]
[9, 9, 1, 18, 16, 2, 12, 11, 1, 15, 3, 4, 5, 16, 3, 9, 12, 1, 10, 11, 0, 17, 16, 1, 6, 16, 1, 15, 4, 1, -1000, -1000, -1000, -1000, -1000, -1000]
[9, 9, 1, 18, 16, 2, 12, 11, 1, 15, 3, 4, 5, 16, 3, 9, 12, 1, 10, 11, 1, 17, 16, 1, 6, 16, 1, 15, 4, 0, -1000, -1000, -1000, -1000, -1000, -1000]
[9, 9, 1, 18, 16, 2, 12, 11, 1, 15, 3, 4, 5, 16, 3, 9, 12, 1, 10, 11, 1, 17, 16, 1, 6, 16, 1, 15, 4, 1, -1000, -1000, -1000, -1000, -1000, -1000]
[9, 9, 5, 18, 16, 2, 12, 11, 1, 15, 3, 4, 5, 16, 3, 9, 12, 1, 11, 11, 1, 17, 16, 0, 6, 16, 1, 15, 4, 1, 9, 10, 0, -1000, -1000, -1000]
[9, 9, 5, 18, 16, 2, 12, 11, 1, 15, 3, 4, 5, 16, 3, 9, 12, 1, 11, 11, 1, 17, 16, 0, 6, 16, 1, 15, 4, 0, 9, 10, 1, -1000, -1000, -1000]
[9, 9, 5, 18, 16, 2, 12, 11, 1, 15, 3, 4, 5, 16, 3, 9, 12, 1, 11, 11, 1, 17, 16, 1, 6, 16, 1, 15, 4, 0, 9, 10, 0, -1000, -1000, -1000]
[9, 9, 5, 18, 16, 2, 12, 11, 1, 15, 3, 4, 5, 16, 3, 9, 12, 1, 11, 11, 1, 17, 16, 1, 6, 16, 1, 15, 4, 0, 10, 9, 0, -1000, -1000, -1000]
[9, 9, 5, 18, 16, 2, 12, 11, 1, 15, 3, 4, 5, 16, 3, 9, 12, 1, 11, 11, 1, 17, 16, 1, 6, 16, 1, 15, 4, 1, 10, 9, 0, -1000, -1000, -1000]
[9, 9, 5, 18, 16, 2, 12, 11, 1, 15, 3, 4, 5, 16, 3, 9, 12, 1, 11, 11, 0, 17, 16, 1, 6, 16, 1, 15, 4, 1, 9, 10, 1, -1000, -1000, -1000]
[9, 9, 5, 18, 16, 2, 12, 11, 1, 15, 3, 4, 5, 16, 3, 9, 12, 1, 11, 11, 1, 17, 16, 1, 6, 16, 1, 15, 4, 1, 9, 10, 0, -1000, -1000, -1000]
[9, 9, 5, 18, 16, 2, 12, 11, 1, 15, 3, 4, 5, 16, 3, 9, 12, 1, 11, 11, 1, 17, 16, 1, 6, 16, 1, 15, 4, 0, 10, 9, 1, -1000, -1000, -1000]
[9, 9, 5, 18, 16, 2, 12, 11, 1, 15, 3, 4, 5, 16, 3, 9, 12, 1, 11, 11, 1, 17, 16, 1, 6, 16, 0, 15, 4, 1, 9, 10, 1, -1000, -1000, -1000]
[9, 9, 5, 18, 16, 2, 12, 11, 1, 15, 3, 4, 5, 16, 3, 9, 12, 1, 11, 11, 1, 17, 16, 1, 6, 16, 1, 15, 4, 0, 9, 10, 1, -1000, -1000, -1000]
[9, 9, 5, 18, 16, 2, 12, 11, 1, 15, 3, 4, 5, 16, 3, 9, 12, 1, 11, 11, 1, 17, 16, 1, 6, 16, 1, 15, 4, 1, 9, 10, 1, -1000, -1000, -1000]
[3, 9, 6, 18, 16, 3, 12, 10, 1, 14, 3, 5, 5, 17, 4, 7, 12, 2, 11, 10, 1, 6, 12, 0, 17, 16, 1, 6, 17, 0, 14, 4, 1, 3, 10, 1]
[3, 9, 6, 18, 16, 3, 12, 10, 1, 14, 3, 5, 5, 17, 4, 7, 12, 2, 11, 10, 1, 6, 12, 0, 17, 16, 1, 6, 17, 1, 14, 4, 1, 3, 10, 1]
[3, 9, 6, 18, 16, 3, 12, 10, 1, 14, 3, 5, 5, 17, 4, 7, 12, 2, 11, 10, 1, 6, 12, 1, 17, 16, 1, 6, 17, 0, 14, 4, 1, 3, 10, 1]
[3, 9, 6, 18, 16, 3, 12, 10, 1, 14, 3, 5, 5, 17, 4, 7, 12, 2, 11, 10, 1, 6, 12, 1, 17, 16, 1, 6, 17, 1, 14, 4, 1, 3, 10, 1]
[9, 8, 1, 18, 15, 1, 12, 11, 1, 14, 3, 1, 5, 15, 1, 9, 12, 1, 10, 11, 0, -1000, -1000, -1000, -1000, -1000, -1000, -1000, -1000, -1000, -1000, -1000, -1000, -1000, -1000, -1000]
[9, 9, 1, 18, 15, 1, 12, 11, 1, 15, 3, 1, 5, 15, 1, 9, 12, 1, 10, 11, 1, -1000, -1000, -1000, -1000, -1000, -1000, -1000, -1000, -1000, -1000, -1000, -1000, -1000, -1000, -1000]
[9, 8, 1, 18, 15, 1, 12, 11, 1, 14, 3, 2, 5, 15, 1, 9, 12, 1, 10, 11, 0, 14, 4, 0, -1000, -1000, -1000, -1000, -1000, -1000, -1000, -1000, -1000, -1000, -1000, -1000]
[9, 8, 1, 18, 15, 1, 12, 11, 1, 15, 3, 2, 5, 15, 1, 9, 12, 1, 10, 11, 0, 15, 4, 0, -1000, -1000, -1000, -1000, -1000, -1000, -1000, -1000, -1000, -1000, -1000, -1000]
[9, 9, 1, 18, 16, 1, 12, 11, 1, 14, 3, 2, 5, 15, 1, 9, 12, 1, 10, 11, 1, 15, 4, 0, -1000, -1000, -1000, -1000, -1000, -1000, -1000, -1000, -1000, -1000, -1000, -1000]
[9, 9, 1, 18, 16, 3, 12, 11, 1, 14, 3, 2, 5, 15, 1, 9, 12, 1, 10, 11, 0, 14, 4, 0, 17, 16, 0, -1000, -1000, -1000, -1000, -1000, -1000, -1000, -1000, -1000]
[9, 9, 1, 18, 16, 2, 12, 11, 1, 14, 3, 1, 5, 15, 1, 9, 12, 1, 10, 11, 1, 17, 16, 1, -1000, -1000, -1000, -1000, -1000, -1000, -1000, -1000, -1000, -1000, -1000, -1000]
[9, 9, 1, 18, 16, 3, 12, 11, 1, 14, 3, 2, 5, 15, 1, 9, 12, 1, 10, 11, 0, 14, 4, 1, 17, 16, 0, -1000, -1000, -1000, -1000, -1000, -1000, -1000, -1000, -1000]
[9, 9, 1, 18, 16, 3, 12, 11, 1, 14, 3, 2, 5, 15, 1, 9, 12, 1, 10, 11, 1, 14, 4, 1, 17, 16, 0, -1000, -1000, -1000, -1000, -1000, -1000, -1000, -1000, -1000]
[9, 9, 1, 18, 16, 3, 12, 11, 1, 14, 3, 2, 5, 15, 1, 9, 12, 1, 10, 11, 1, 14, 4, 1, 17, 16, 1, -1000, -1000, -1000, -1000, -1000, -1000, -1000, -1000, -1000]
[8, 9, 3, 18, 15, 2, 16, 12, 2, 15, 2, 1, 3, 18, 4, 9, 12, 3, 16, 2, 0, 17, 14, 1, 8, 11, 1, 3, 19, 0, -1000, -1000, -1000, -1000, -1000, -1000]
[8, 9, 3, 18, 15, 2, 16, 12, 2, 15, 2, 1, 3, 18, 4, 9, 12, 3, 16, 2, 1, 17, 14, 1, 8, 11, 1, 3, 19, 0, -1000, -1000, -1000, -1000, -1000, -1000]
[8, 9, 3, 18, 15, 2, 16, 12, 2, 15, 2, 1, 3, 18, 4, 9, 12, 3, 16, 2, 1, 17, 14, 1, 8, 11, 1, 3, 19, 1, -1000, -1000, -1000, -1000, -1000, -1000]
[8, 9, 3, 18, 15, 2, 12, 11, 5, 15, 2, 1, 3, 18, 4, 9, 12, 3, 16, 2, 1, 17, 15, 1, 8, 11, 1, 3, 19, 0, 11, 11, 0, -1000, -1000, -1000]
[8, 9, 3, 18, 15, 2, 15, 12, 5, 15, 2, 1, 3, 18, 4, 9, 12, 3, 16, 2, 1, 17, 15, 1, 8, 11, 1, 3, 19, 0, 15, 13, 0, -1000, -1000, -1000]
[8, 9, 3, 18, 15, 2, 12, 11, 5, 15, 2, 1, 3, 18, 4, 9, 12, 3, 16, 2, 1, 17, 15, 1, 8, 11, 1, 3, 19, 0, 11, 11, 1, -1000, -1000, -1000]
[8, 9, 3, 18, 15, 2, 15, 12, 5, 15, 2, 1, 3, 18, 4, 9, 12, 3, 16, 2, 1, 17, 15, 1, 8, 11, 1, 3, 19, 0, 15, 13, 1, -1000, -1000, -1000]
[8, 9, 3, 18, 15, 2, 15, 12, 5, 15, 2, 1, 3, 18, 4, 9, 12, 3, 16, 2, 1, 17, 15, 1, 8, 11, 1, 3, 19, 1, 15, 13, 0, -1000, -1000, -1000]
[8, 9, 3, 18, 15, 2, 12, 11, 5, 15, 2, 1, 3, 18, 4, 9, 12, 3, 16, 2, 1, 17, 15, 1, 8, 11, 1, 3, 19, 1, 11, 11, 0, -1000, -1000, -1000]
[8, 9, 3, 18, 15, 2, 12, 11, 5, 15, 2, 1, 3, 18, 4, 9, 12, 3, 16, 2, 1, 17, 15, 1, 8, 11, 1, 3, 19, 1, 11, 11, 1, -1000, -1000, -1000]
[8, 9, 6, 18, 15, 2, 12, 12, 5, 15, 2, 1, 3, 18, 4, 9, 12, 3, 16, 2, 1, 17, 15, 1, 8, 11, 1, 3, 19, 0, 11, 11, 1, 8, 10, 0]
[8, 9, 6, 18, 15, 2, 12, 11, 5, 15, 2, 1, 3, 18, 4, 9, 12, 3, 16, 2, 1, 17, 15, 1, 8, 11, 1, 3, 19, 1, 11, 11, 0, 7, 10, 0]
[8, 9, 6, 18, 15, 2, 12, 11, 5, 15, 2, 1, 3, 18, 4, 9, 12, 3, 16, 2, 1, 17, 15, 1, 8, 11, 1, 3, 19, 1, 11, 11, 1, 7, 10, 0]
[8, 9, 6, 18, 15, 2, 12, 11, 5, 15, 2, 1, 3, 18, 4, 9, 12, 3, 16, 2, 1, 17, 15, 1, 8, 11, 1, 3, 19, 0, 11, 11, 1, 7, 10, 1]
[8, 9, 6, 18, 15, 2, 15, 12, 5, 15, 2, 1, 3, 18, 4, 9, 12, 3, 16, 2, 1, 17, 15, 1, 8, 11, 1, 3, 19, 1, 15, 13, 1, 7, 10, 1]
[8, 9, 6, 18, 15, 2, 12, 11, 5, 15, 2, 1, 3, 18, 4, 9, 12, 3, 16, 2, 1, 17, 15, 1, 8, 11, 1, 3, 19, 1, 11, 11, 1, 7, 10, 1]
[9, 9, 1, 18, 16, 1, 12, 11, 1, 13, 3, 1, 5, 15, 1, 9, 12, 1, 11, 11, 0, -1000, -1000, -1000, -1000, -1000, -1000, -1000, -1000, -1000, -1000, -1000, -1000, -1000, -1000, -1000]
[9, 9, 1, 18, 15, 1, 12, 11, 1, 13, 3, 1, 5, 15, 1, 9, 12, 1, 11, 11, 1, -1000, -1000, -1000, -1000, -1000, -1000, -1000, -1000, -1000, -1000, -1000, -1000, -1000, -1000, -1000]
[9, 9, 1, 18, 15, 1, 12, 11, 1, 15, 1, 2, 5, 15, 1, 9, 12, 1, 11, 11, 0, 16, 1, 0, -1000, -1000, -1000, -1000, -1000, -1000, -1000, -1000, -1000, -1000, -1000, -1000]
[9, 9, 1, 18, 15, 1, 12, 11, 1, 15, 1, 2, 5, 15, 1, 9, 12, 1, 11, 11, 1, 16, 1, 0, -1000, -1000, -1000, -1000, -1000, -1000, -1000, -1000, -1000, -1000, -1000, -1000]
[9, 9, 1, 18, 16, 3, 12, 11, 1, 15, 1, 2, 5, 15, 1, 9, 12, 1, 11, 11, 0, 16, 1, 0, 17, 16, 0, -1000, -1000, -1000, -1000, -1000, -1000, -1000, -1000, -1000]
[9, 9, 1, 18, 15, 1, 12, 11, 1, 15, 1, 2, 5, 15, 1, 9, 12, 1, 11, 11, 1, 16, 1, 1, -1000, -1000, -1000, -1000, -1000, -1000, -1000, -1000, -1000, -1000, -1000, -1000]
[9, 9, 1, 18, 16, 3, 12, 11, 1, 15, 1, 2, 5, 15, 1, 9, 12, 1, 11, 11, 0, 16, 1, 1, 17, 16, 0, -1000, -1000, -1000, -1000, -1000, -1000, -1000, -1000, -1000]
[9, 9, 1, 18, 16, 3, 12, 11, 1, 15, 1, 2, 5, 15, 1, 9, 12, 1, 11, 11, 1, 16, 1, 0, 17, 16, 0, -1000, -1000, -1000, -1000, -1000, -1000, -1000, -1000, -1000]
[9, 9, 1, 18, 16, 3, 12, 11, 1, 15, 1, 2, 5, 15, 4, 9, 12, 1, 11, 11, 0, 16, 1, 0, 17, 16, 0, 5, 14, 0, -1000, -1000, -1000, -1000, -1000, -1000]
[9, 9, 1, 18, 16, 3, 12, 11, 1, 15, 1, 2, 5, 15, 1, 9, 12, 1, 11, 11, 1, 16, 1, 1, 17, 16, 0, -1000, -1000, -1000, -1000, -1000, -1000, -1000, -1000, -1000]
[9, 9, 1, 18, 16, 3, 12, 11, 1, 15, 1, 2, 5, 15, 1, 9, 12, 1, 11, 11, 1, 16, 1, 0, 17, 16, 1, -1000, -1000, -1000, -1000, -1000, -1000, -1000, -1000, -1000]
[9, 9, 1, 18, 16, 3, 12, 11, 1, 15, 1, 2, 5, 15, 1, 9, 12, 1, 11, 11, 0, 16, 1, 1, 17, 16, 1, -1000, -1000, -1000, -1000, -1000, -1000, -1000, -1000, -1000]
[9, 9, 1, 18, 16, 3, 12, 11, 1, 15, 1, 2, 5, 15, 4, 9, 12, 1, 11, 11, 1, 16, 1, 0, 17, 16, 0, 5, 14, 0, -1000, -1000, -1000, -1000, -1000, -1000]
[9, 9, 1, 18, 16, 3, 12, 11, 1, 15, 1, 2, 5, 15, 4, 9, 12, 1, 11, 11, 0, 16, 1, 0, 17, 16, 1, 5, 14, 0, -1000, -1000, -1000, -1000, -1000, -1000]
[9, 9, 1, 18, 16, 3, 12, 11, 1, 15, 1, 2, 5, 15, 1, 9, 12, 1, 11, 11, 1, 16, 1, 1, 17, 16, 1, -1000, -1000, -1000, -1000, -1000, -1000, -1000, -1000, -1000]
[9, 9, 1, 18, 16, 3, 12, 11, 1, 15, 1, 2, 5, 15, 4, 9, 12, 1, 11, 11, 0, 16, 1, 1, 17, 16, 1, 5, 14, 0, -1000, -1000, -1000, -1000, -1000, -1000]
[9, 9, 1, 18, 16, 3, 12, 11, 1, 15, 1, 2, 5, 15, 4, 9, 12, 1, 11, 11, 0, 16, 1, 1, 17, 16, 0, 5, 14, 1, -1000, -1000, -1000, -1000, -1000, -1000]
[9, 9, 1, 18, 16, 3, 12, 11, 1, 15, 1, 2, 5, 15, 4, 9, 12, 1, 11, 11, 1, 16, 1, 1, 17, 16, 0, 5, 14, 0, -1000, -1000, -1000, -1000, -1000, -1000]
[9, 9, 1, 18, 16, 3, 12, 11, 1, 15, 1, 2, 5, 15, 4, 9, 12, 1, 11, 11, 1, 16, 1, 0, 17, 16, 1, 5, 14, 0, -1000, -1000, -1000, -1000, -1000, -1000]
[9, 9, 1, 18, 16, 3, 12, 11, 1, 15, 1, 2, 5, 15, 4, 9, 12, 1, 11, 11, 1, 16, 1, 1, 17, 16, 1, 5, 14, 0, -1000, -1000, -1000, -1000, -1000, -1000]
[9, 9, 1, 18, 16, 3, 12, 11, 1, 15, 1, 2, 5, 15, 4, 9, 12, 1, 11, 11, 1, 16, 1, 1, 17, 16, 1, 5, 14, 1, -1000, -1000, -1000, -1000, -1000, -1000]
[9, 9, 5, 18, 16, 3, 12, 11, 1, 15, 1, 2, 5, 15, 4, 9, 12, 5, 11, 11, 1, 16, 1, 1, 17, 16, 1, 5, 14, 0, 9, 10, 0, -1000, -1000, -1000]
[9, 9, 5, 18, 16, 3, 12, 11, 1, 15, 1, 2, 5, 15, 4, 9, 12, 5, 11, 11, 1, 16, 1, 1, 17, 16, 1, 5, 14, 0, 9, 10, 1, -1000, -1000, -1000]
[9, 9, 5, 18, 16, 3, 12, 11, 1, 15, 1, 2, 5, 15, 4, 9, 12, 5, 11, 11, 1, 16, 1, 1, 17, 16, 1, 5, 14, 1, 9, 10, 1, -1000, -1000, -1000]
[6, 9, 2, 18, 16, 3, 12, 11, 1, 13, 2, 4, 3, 15, 5, 9, 14, 6, 11, 11, 1, 7, 10, 0, 17, 16, 1, 11, 2, 0, 1, 17, 1, 11, 15, 1]
[6, 9, 2, 18, 16, 3, 12, 12, 1, 13, 3, 4, 3, 15, 5, 9, 14, 6, 11, 11, 1, 4, 10, 1, 17, 16, 1, 11, 2, 0, 1, 17, 1, 11, 15, 1]
[6, 9, 2, 18, 16, 3, 12, 12, 1, 13, 3, 4, 3, 15, 5, 9, 14, 6, 11, 11, 1, 4, 10, 1, 17, 16, 1, 11, 2, 1, 1, 17, 1, 11, 15, 0]
[6, 9, 2, 18, 16, 3, 12, 11, 1, 13, 2, 4, 3, 15, 5, 9, 14, 6, 11, 11, 1, 4, 10, 1, 17, 16, 1, 11, 2, 1, 1, 17, 1, 11, 15, 1]
[9, 9, 1, 5, 15, 1, 12, 12, 1, 13, 3, 1, 18, 15, 1, 9, 12, 1, 10, 12, 0, -1000, -1000, -1000, -1000, -1000, -1000, -1000, -1000, -1000, -1000, -1000, -1000, -1000, -1000, -1000]
[9, 9, 1, 5, 15, 1, 12, 12, 1, 13, 3, 1, 18, 15, 1, 9, 12, 1, 10, 12, 1, -1000, -1000, -1000, -1000, -1000, -1000, -1000, -1000, -1000, -1000, -1000, -1000, -1000, -1000, -1000]
[9, 9, 1, 5, 15, 1, 12, 12, 1, 13, 3, 2, 18, 15, 1, 9, 12, 1, 10, 12, 0, 14, 4, 0, -1000, -1000, -1000, -1000, -1000, -1000, -1000, -1000, -1000, -1000, -1000, -1000]
[9, 9, 1, 5, 15, 1, 12, 12, 1, 15, 3, 2, 18, 15, 1, 9, 12, 1, 10, 12, 1, 14, 4, 0, -1000, -1000, -1000, -1000, -1000, -1000, -1000, -1000, -1000, -1000, -1000, -1000]
[9, 9, 1, 5, 15, 1, 12, 12, 1, 13, 3, 2, 18, 15, 1, 9, 12, 1, 10, 12, 1, 14, 4, 0, -1000, -1000, -1000, -1000, -1000, -1000, -1000, -1000, -1000, -1000, -1000, -1000]
[9, 9, 1, 5, 15, 1, 12, 12, 1, 13, 3, 2, 18, 15, 1, 9, 12, 1, 10, 12, 1, 14, 4, 1, -1000, -1000, -1000, -1000, -1000, -1000, -1000, -1000, -1000, -1000, -1000, -1000]
[9, 7, 1, 5, 15, 2, 14, 11, 3, 13, 3, 1, 18, 15, 3, 7, 12, 2, 10, 7, 1, 6, 13, 0, 14, 13, 0, -1000, -1000, -1000, -1000, -1000, -1000, -1000, -1000, -1000]
[9, 7, 1, 5, 15, 2, 14, 11, 3, 13, 3, 1, 18, 15, 3, 7, 14, 2, 10, 6, 1, 6, 13, 1, 14, 13, 0, -1000, -1000, -1000, -1000, -1000, -1000, -1000, -1000, -1000]
[9, 7, 1, 5, 15, 2, 14, 11, 3, 13, 3, 1, 18, 15, 3, 7, 12, 2, 10, 7, 1, 6, 13, 1, 14, 13, 1, -1000, -1000, -1000, -1000, -1000, -1000, -1000, -1000, -1000]
[9, 7, 1, 5, 15, 2, 14, 11, 3, 13, 3, 1, 18, 15, 3, 7, 14, 2, 10, 7, 1, 6, 13, 1, 14, 13, 1, -1000, -1000, -1000, -1000, -1000, -1000, -1000, -1000, -1000]
[9, 8, 4, 19, 15, 2, 12, 12, 4, 15, 3, 3, 2, 16, 1, 9, 12, 4, 1, 15, 0, 19, 13, 1, 15, 4, 1, 10, 12, 0, -1000, -1000, -1000, -1000, -1000, -1000]
[9, 8, 4, 19, 15, 2, 12, 12, 4, 15, 3, 3, 2, 16, 1, 9, 12, 4, 1, 15, 1, 19, 13, 1, 15, 4, 0, 10, 12, 0, -1000, -1000, -1000, -1000, -1000, -1000]
[9, 9, 4, 19, 15, 2, 12, 12, 4, 15, 3, 3, 2, 15, 1, 9, 12, 4, 1, 15, 1, 19, 13, 1, 15, 4, 0, 10, 12, 1, -1000, -1000, -1000, -1000, -1000, -1000]
[9, 9, 4, 19, 15, 2, 12, 12, 4, 15, 3, 3, 2, 16, 1, 9, 12, 4, 1, 15, 1, 19, 13, 1, 15, 4, 1, 10, 12, 1, -1000, -1000, -1000, -1000, -1000, -1000]
[9, 9, 5, 19, 15, 2, 12, 12, 4, 15, 3, 3, 2, 16, 1, 9, 12, 4, 1, 15, 1, 19, 13, 1, 15, 4, 0, 10, 12, 1, 8, 10, 0, -1000, -1000, -1000]
[9, 8, 5, 19, 15, 2, 12, 12, 4, 15, 3, 3, 2, 16, 1, 9, 12, 4, 1, 15, 1, 19, 13, 1, 15, 4, 1, 10, 12, 1, 8, 10, 0, -1000, -1000, -1000]
[9, 8, 5, 19, 15, 2, 12, 12, 4, 15, 3, 3, 2, 16, 1, 9, 12, 4, 1, 15, 0, 19, 13, 1, 15, 4, 1, 10, 12, 1, 10, 10, 1, -1000, -1000, -1000]
[9, 8, 5, 19, 15, 2, 12, 12, 4, 15, 3, 3, 2, 16, 1, 9, 12, 4, 1, 15, 1, 19, 13, 1, 15, 4, 1, 10, 12, 0, 10, 10, 1, -1000, -1000, -1000]
[7, 8, 5, 19, 15, 2, 12, 12, 4, 15, 3, 3, 2, 16, 1, 9, 12, 4, 1, 15, 1, 19, 13, 1, 15, 4, 1, 10, 12, 1, 8, 10, 1, -1000, -1000, -1000]
[9, 8, 5, 19, 15, 2, 12, 12, 4, 15, 3, 3, 2, 16, 1, 9, 12, 4, 1, 15, 1, 19, 13, 1, 15, 4, 1, 10, 12, 1, 8, 10, 1, -1000, -1000, -1000]
[9, 5, 5, 18, 15, 2, 13, 8, 1, 15, 1, 3, 2, 16, 4, 9, 13, 6, 12, 7, 1, 19, 13, 1, 15, 0, 1, 0, 16, 0, 10, 3, 0, 11, 12, 1]
[9, 9, 5, 19, 15, 2, 12, 12, 6, 15, 1, 3, 4, 15, 4, 9, 12, 1, 10, 12, 1, 19, 13, 1, 17, 0, 0, 3, 14, 1, 10, 9, 1, 11, 11, 1]
[9, 8, 5, 19, 15, 2, 12, 10, 6, 15, 3, 3, 2, 15, 1, 9, 12, 4, 1, 15, 1, 19, 13, 1, 15, 4, 1, 10, 12, 1, 10, 7, 1, 11, 10, 1]
[10, 8, 3, 21, 15, 3, 29, 7, 3, 23, 8, 3, 38, 34, 1, 9, 27, 2, 15, 43, 4, 3, 23, 2, 33, 23, 1, 27, 15, 3, 30, 25, 1, 6, 26, 0, 23, 9, 0, 17, 46, 0, -1000, -1000, -1000, -1000, -1000, -1000, -1000, -1000, -1000, -1000, -1000, -1000, -1000, -1000, -1000]
[10, 8, 3, 21, 15, 3, 29, 7, 3, 23, 8, 3, 38, 34, 1, 9, 27, 2, 15, 43, 4, 3, 23, 2, 33, 23, 1, 27, 15, 3, 30, 25, 1, 6, 26, 1, 23, 9, 0, 17, 46, 0, -1000, -1000, -1000, -1000, -1000, -1000, -1000, -1000, -1000, -1000, -1000, -1000, -1000, -1000, -1000]
[12, 8, 5, 19, 17, 5, 29, 8, 4, 23, 8, 4, 38, 34, 3, 9, 27, 2, 15, 43, 6, 6, 24, 2, 38, 26, 3, 29, 15, 1, 30, 16, 1, 6, 25, 0, 39, 25, 0, 26, 10, 1, 15, 10, 0, 15, 47, 0, -1000, -1000, -1000, -1000, -1000, -1000, -1000, -1000, -1000]
[12, 8, 5, 19, 17, 5, 29, 8, 4, 23, 8, 4, 38, 34, 3, 9, 27, 2, 15, 43, 6, 6, 24, 2, 38, 26, 3, 29, 15, 1, 30, 16, 1, 6, 25, 1, 39, 25, 0, 26, 10, 1, 15, 10, 0, 15, 47, 0, -1000, -1000, -1000, -1000, -1000, -1000, -1000, -1000, -1000]
[12, 8, 5, 19, 17, 5, 30, 8, 4, 23, 6, 4, 38, 34, 3, 9, 27, 2, 15, 43, 6, 6, 24, 2, 38, 26, 3, 29, 15, 1, 30, 16, 1, 6, 25, 1, 39, 25, 1, 26, 10, 1, 15, 10, 0, 15, 47, 0, -1000, -1000, -1000, -1000, -1000, -1000, -1000, -1000, -1000]
[12, 8, 5, 19, 17, 7, 30, 8, 4, 23, 8, 4, 38, 34, 3, 9, 27, 2, 15, 43, 6, 6, 24, 2, 38, 26, 3, 29, 15, 1, 30, 16, 1, 6, 25, 0, 39, 25, 0, 26, 10, 1, 15, 10, 0, 15, 47, 0, 15, 17, 1, -1000, -1000, -1000, -1000, -1000, -1000]
[12, 8, 5, 18, 17, 5, 30, 8, 4, 23, 6, 4, 38, 34, 3, 9, 27, 2, 15, 43, 6, 6, 24, 2, 38, 26, 3, 29, 15, 1, 30, 16, 1, 6, 25, 1, 39, 25, 1, 26, 10, 1, 15, 10, 0, 15, 47, 1, -1000, -1000, -1000, -1000, -1000, -1000, -1000, -1000, -1000]
[12, 8, 5, 19, 17, 5, 30, 8, 4, 23, 6, 4, 38, 34, 3, 9, 27, 2, 15, 43, 6, 6, 24, 2, 38, 26, 3, 29, 15, 1, 30, 16, 1, 6, 25, 1, 39, 25, 1, 26, 10, 1, 15, 10, 1, 15, 47, 1, -1000, -1000, -1000, -1000, -1000, -1000, -1000, -1000, -1000]
[12, 6, 6, 18, 19, 5, 30, 8, 4, 23, 6, 4, 38, 34, 3, 9, 27, 2, 15, 43, 7, 3, 23, 2, 38, 26, 3, 29, 15, 1, 30, 16, 1, 6, 25, 1, 39, 25, 0, 26, 10, 1, 15, 19, 0, 15, 3, 1, 15, 46, 1, -1000, -1000, -1000, -1000, -1000, -1000]
[12, 6, 6, 18, 19, 5, 30, 8, 4, 23, 6, 4, 38, 34, 3, 9, 27, 2, 15, 43, 7, 3, 23, 2, 38, 26, 3, 29, 15, 1, 30, 16, 1, 6, 25, 1, 39, 25, 1, 26, 10, 1, 15, 19, 0, 15, 3, 1, 15, 46, 1, -1000, -1000, -1000, -1000, -1000, -1000]
[12, 6, 6, 18, 19, 5, 30, 8, 4, 23, 6, 4, 38, 34, 3, 9, 27, 2, 15, 43, 7, 3, 23, 2, 38, 24, 3, 29, 15, 1, 30, 16, 1, 6, 25, 1, 39, 25, 1, 26, 10, 1, 15, 19, 0, 15, 3, 1, 15, 46, 1, -1000, -1000, -1000, -1000, -1000, -1000]
[12, 6, 6, 19, 17, 5, 30, 8, 4, 23, 6, 4, 38, 34, 8, 9, 27, 2, 15, 43, 7, 6, 24, 2, 38, 26, 3, 29, 15, 1, 30, 16, 1, 6, 25, 1, 39, 25, 0, 26, 10, 1, 15, 19, 0, 15, 3, 0, 15, 47, 1, 37, 32, 1, -1000, -1000, -1000]
[12, 6, 6, 18, 19, 5, 30, 8, 4, 23, 6, 4, 38, 34, 3, 9, 27, 2, 15, 43, 7, 3, 23, 2, 38, 26, 3, 29, 15, 1, 30, 16, 1, 6, 25, 1, 39, 25, 1, 26, 10, 1, 15, 19, 1, 15, 3, 1, 15, 46, 1, -1000, -1000, -1000, -1000, -1000, -1000]
[12, 6, 6, 19, 17, 5, 30, 8, 4, 23, 8, 4, 38, 34, 8, 9, 27, 2, 15, 43, 7, 6, 23, 2, 38, 26, 3, 29, 15, 1, 30, 16, 1, 6, 25, 1, 39, 25, 1, 26, 10, 1, 15, 19, 0, 15, 3, 1, 15, 46, 0, 37, 32, 1, -1000, -1000, -1000]
[12, 6, 6, 19, 17, 5, 30, 8, 4, 23, 6, 4, 38, 34, 8, 9, 27, 2, 15, 43, 7, 6, 24, 2, 38, 26, 3, 29, 15, 1, 30, 16, 1, 6, 25, 1, 39, 25, 0, 26, 10, 1, 15, 19, 1, 15, 3, 1, 15, 46, 1, 37, 32, 1, -1000, -1000, -1000]
[12, 6, 6, 18, 19, 5, 30, 8, 4, 23, 6, 4, 38, 34, 8, 9, 27, 2, 15, 43, 7, 3, 23, 2, 38, 25, 3, 29, 15, 1, 30, 16, 1, 6, 25, 1, 39, 25, 1, 26, 10, 1, 15, 19, 1, 15, 3, 1, 15, 46, 1, 37, 32, 1, -1000, -1000, -1000]
[12, 6, 6, 18, 19, 5, 30, 8, 4, 23, 6, 4, 38, 34, 8, 9, 27, 2, 15, 43, 7, 3, 23, 9, 38, 25, 3, 29, 14, 1, 30, 16, 1, 6, 25, 1, 39, 25, 1, 26, 10, 1, 15, 19, 0, 14, 11, 1, 15, 46, 1, 37, 32, 0, 4, 27, 1]
[12, 6, 6, 18, 19, 5, 30, 8, 4, 23, 6, 4, 38, 34, 8, 9, 27, 2, 15, 40, 7, 3, 23, 9, 38, 25, 3, 29, 15, 1, 30, 16, 1, 6, 25, 1, 39, 25, 1, 26, 10, 1, 15, 19, 0, 15, 3, 1, 15, 37, 1, 37, 32, 1, 4, 26, 1]
[12, 8, 6, 18, 17, 5, 30, 8, 4, 23, 6, 8, 38, 34, 3, 9, 27, 2, 15, 40, 7, 3, 23, 9, 38, 23, 3, 29, 15, 1, 30, 16, 1, 6, 25, 1, 39, 25, 1, 26, 10, 1, 15, 19, 1, 14, 11, 1, 15, 37, 1, 21, 4, 1, 4, 20, 1]
